1 2 1 2
3 4 3 4
5 6 5 6
7 8 7 11
9 10 12 13
11 12 14 15
13 14 16 550
15 16 551 552
17 18 553 4886
19 20 4887 5240
21 22 5241 8435
23 24 8436 8437
25 26 8438 8535
27 28 8536 8537
29 30 8538 8539
31 32 8540 9205
33 34 9206 9275
35 36 9276 9802
37 38 9803 9804
39 40 9805 9816
41 42 9817 9918
43 44 9919 10445
45 46 10446 14543
47 48 14544 15229
49 50 15230 15231
51 52 15232 15233
53 54 15234 15350
55 56 15351 15376
57 58 15377 15491
59 60 15492 16219
61 62 16220 16368
63 64 16369 16370
65 66 16371 16372
67 68 16373 16397
69 70 16398 16404
71 72 16405 16425
73 74 16426 16427
75 76 16428 16946
77 78 16947 21115
79 80 21116 21117
81 82 21118 21206
83 84 21207 21719
85 86 21720 21825
87 88 21826 21827
89 90 21828 21922
91 92 21923 22654
93 94 22655 22656
95 96 22657 22677
97 98 22678 22805
99 100 22806 22833
101 102 22834 22835
103 104 22836 22867
105 106 22868 22869
107 108 22870 22871
109 110 22872 22996
111 112 22997 23013
113 114 23014 23113
115 116 23114 23115
117 118 23116 23127
119 120 23128 23129
121 122 23130 23131
123 124 23132 23168
125 126 23169 23175
127 128 23176 23208
129 130 23209 23210
131 132 23211 23213
133 134 23214 23215
135 136 23216 23217
137 138 23218 23283
139 140 23284 23285
141 142 23286 23287
143 144 23288 23848
145 146 23849 23880
147 148 23881 24224
149 150 24225 24226
151 152 24227 24249
153 154 24250 24251
155 156 24252 24253
157 158 24254 24353
159 160 24354 24360
161 162 24361 24430
163 164 24431 24432
165 166 24433 24436
167 168 24437 24452
169 170 24453 24518
171 172 24519 25047
173 174 25048 25155
175 176 25156 25157
177 178 25158 25159
179 180 25160 25176
181 182 25177 25184
183 184 25185 25199
185 186 25200 25314
187 188 25315 25336
189 190 25337 25338
191 192 25339 25340
193 194 25341 25347
195 196 25348 25350
197 198 25351 25353
199 200 25354 25355
201 202 25356 25417
203 204 25418 25912
205 206 25913 25914
207 208 25915 25923
209 210 25924 25993
211 212 25994 26011
213 214 26012 26013
215 216 26014 26031
217 218 26032 26140
219 220 26141 26142
221 222 26143 26147
223 224 26148 26168
225 226 26169 26172
227 228 26173 26174
229 230 26175 26181
231 232 26182 26183
233 234 26184 26185
235 236 26186 26209
237 238 26210 26211
239 240 26212 26234
241 242 26235 26236
243 244 26237 26239
245 246 26240 26241
247 248 26242 26243
249 250 26244 26255
251 252 26256 26258
253 254 26259 26264
255 256 26265 26266
257 258 26267 26269
259 260 26270 26271
261 262 26272 26279
263 264 26280 26303
265 266 26304 26402
267 268 26403 26908
269 270 26909 31101
271 272 31102 31765
273 274 31766 31767
275 276 31768 31769
277 278 31770 31869
279 280 31870 31893
281 282 31894 32005
283 284 32006 32714
285 286 32715 32848
287 288 32849 32850
289 290 32851 32852
291 292 32853 32890
293 294 32891 32893
295 296 32894 32895
297 298 32896 33027
299 300 33028 33697
301 302 33698 33699
303 304 33700 33719
305 306 33720 33822
307 308 33823 33848
309 310 33849 33850
311 312 33851 33875
313 314 33876 34012
315 316 34013 34014
317 318 34015 34019
319 320 34020 34049
321 322 34050 34059
323 324 34060 34061
325 326 34062 34063
327 328 34064 34088
329 330 34089 34090
331 332 34091 34092
333 334 34093 34230
335 336 34231 34251
337 338 34252 34361
339 340 34362 34363
341 342 34364 34368
343 344 34369 34370
345 346 34371 34372
347 348 34373 34407
349 350 34408 34414
351 352 34415 34442
353 354 34443 34444
355 356 34445 34448
357 358 34449 34457
359 360 34458 34484
361 362 34485 34626
363 364 34627 34659
365 366 34660 34661
367 368 34662 34663
369 370 34664 34669
371 372 34670 34673
373 374 34674 34680
375 376 34681 34720
377 378 34721 34728
379 380 34729 34730
381 382 34731 34732
383 384 34733 34735
385 386 34736 34737
387 388 34738 34739
389 390 34740 34744
391 392 34745 34761
393 394 34762 34832
395 396 34833 35345
397 398 35346 35448
399 400 35449 35450
401 402 35451 35452
403 404 35453 35466
405 406 35467 35476
407 408 35477 35493
409 410 35494 35581
411 412 35582 35610
413 414 35611 35612
415 416 35613 35614
417 418 35615 35622
419 420 35623 35625
421 422 35626 35627
423 424 35628 35647
425 426 35648 35751
427 428 35752 35753
429 430 35754 35759
431 432 35760 35773
433 434 35774 35777
435 436 35778 35779
437 438 35780 35788
439 440 35789 35816
441 442 35817 35818
443 444 35819 35820
445 446 35821 35824
447 448 35825 35829
449 450 35830 35831
451 452 35832 35833
453 454 35834 35839
455 456 35840 35841
457 458 35842 35843
459 460 35844 35868
461 462 35869 35871
463 464 35872 35884
465 466 35885 35886
467 468 35887 35890
469 470 35891 35892
471 472 35893 35894
473 474 35895 35905
475 476 35906 35907
477 478 35908 35912
479 480 35913 35914
481 482 35915 35916
483 484 35917 35920
485 486 35921 35927
487 488 35928 35953
489 490 35954 35961
491 492 35962 35963
493 494 35964 35965
495 496 35966 35968
497 498 35969 35971
499 500 35972 35973
501 502 35974 35984
503 504 35985 35989
505 506 35990 35991
507 508 35992 35993
509 510 35994 35995
511 512 35996 35997
513 514 35998 35999
515 516 36000 36001
517 518 36002 36005
519 520 36006 36012
521 522 36013 36014
523 524 36015 36386
525 526 36387 39485
527 528 39486 39487
529 530 39488 39516
531 532 39517 39864
533 534 39865 39943
535 536 39944 39945
537 538 39946 40027
539 540 40028 40530
541 542 40531 40532
543 544 40533 40539
545 546 40540 40617
547 548 40618 40637
549 550 40638 40639
551 552 40640 40662
553 554 40663 40664
555 556 40665 40666
557 558 40667 40783
559 560 40784 40796
561 562 40797 40876
563 564 40877 40878
565 566 40879 40886
567 568 40887 40888
569 570 40889 40890
571 572 40891 40918
573 574 40919 40923
575 576 40924 40935
577 578 40936 40937
579 580 40938 40939
581 582 40940 40941
583 584 40942 40959
585 586 40960 41032
587 588 41033 41587
589 590 41588 41692
591 592 41693 41694
593 594 41695 41696
595 596 41697 41714
597 598 41715 41723
599 600 41724 41740
601 602 41741 41839
603 604 41840 41873
605 606 41874 41875
607 608 41876 41877
609 610 41878 41884
611 612 41885 41886
613 614 41887 41888
615 616 41889 41899
617 618 41900 42009
619 620 42010 42011
621 622 42012 42016
623 624 42017 42036
625 626 42037 42041
627 628 42042 42043
629 630 42044 42049
631 632 42050 42074
633 634 42075 42076
635 636 42077 42079
637 638 42080 42085
639 640 42086 42088
641 642 42089 42090
643 644 42091 42092
645 646 42093 42094
647 648 42095 42096
649 650 42097 42123
651 652 42124 42441
653 654 42442 42443
655 656 42444 42445
657 658 42446 42481
659 660 42482 42491
661 662 42492 42493
663 664 42494 42503
665 666 42504 42586
667 668 42587 42588
669 670 42589 42590
671 672 42591 42602
673 674 42603 42606
675 676 42607 42608
677 678 42609 42613
679 680 42614 42615
681 682 42616 42617
683 684 42618 42640
685 686 42641 42642
687 688 42643 42651
689 690 42652 42653
691 692 42654 42655
693 694 42656 42657
695 696 42658 42659
697 698 42660 42663
699 700 42664 42665
701 702 42666 42668
703 704 42669 42670
705 706 42671 42672
707 708 42673 42674
709 710 42675 42677
711 712 42678 42687
713 714 42688 42753
715 716 42754 42774
717 718 42775 42776
719 720 42777 42778
721 722 42779 42781
723 724 42782 42783
725 726 42784 42787
727 728 42788 42803
729 730 42804 42811
731 732 42812 42813
733 734 42814 42815
735 736 42816 42817
737 738 42818 42819
739 740 42820 42821
741 742 42822 42826
743 744 42827 42852
745 746 42853 42854
747 748 42855 42856
749 750 42857 42861
751 752 42862 42863
753 754 42864 42865
755 756 42866 42867
757 758 42868 42873
759 760 42874 42875
761 762 42876 42877
763 764 42878 42879
765 766 42880 42881
767 768 42882 42883
769 770 42884 42885
771 772 42886 42887
773 774 42888 42889
775 776 42890 42904
777 778 42905 42906
779 780 42907 42908
781 782 42909 43022
783 784 43023 43033
785 786 43034 43112
787 788 43113 43114
789 790 43115 43121
791 792 43122 43123
793 794 43124 43125
795 796 43126 43142
797 798 43143 43147
799 800 43148 43166
801 802 43167 43168
803 804 43169 43171
805 806 43172 43177
807 808 43178 43192
809 810 43193 43280
811 812 43281 43299
813 814 43300 43301
815 816 43302 43303
817 818 43304 43308
819 820 43309 43311
821 822 43312 43314
823 824 43315 43337
825 826 43338 43347
827 828 43348 43349
829 830 43350 43351
831 832 43352 43354
833 834 43355 43356
835 836 43357 43359
837 838 43360 43361
839 840 43362 43378
841 842 43379 43467
843 844 43468 43469
845 846 43470 43472
847 848 43473 43491
849 850 43492 43496
851 852 43497 43498
853 854 43499 43506
855 856 43507 43534
857 858 43535 43536
859 860 43537 43538
861 862 43539 43541
863 864 43542 43545
865 866 43546 43547
867 868 43548 43550
869 870 43551 43552
871 872 43553 43554
873 874 43555 43564
875 876 43565 43567
877 878 43568 43573
879 880 43574 43575
881 882 43576 43578
883 884 43579 43580
885 886 43581 43582
887 888 43583 43587
889 890 43588 43589
891 892 43590 43593
893 894 43594 43595
895 896 43596 43597
897 898 43598 43599
899 900 43600 43601
901 902 43602 43606
903 904 43607 43608
905 906 43609 43610
907 908 43611 43625
909 910 43626 43627
911 912 43628 43634
913 914 43635 43636
915 916 43637 43639
917 918 43640 43641
919 920 43642 43643
921 922 43644 43652
923 924 43653 43654
925 926 43655 43656
927 928 43657 43658
929 930 43659 43660
931 932 43661 43663
933 934 43664 43666
935 936 43667 43683
937 938 43684 43689
939 940 43690 43691
941 942 43692 43693
943 944 43694 43695
945 946 43696 43697
947 948 43698 43699
949 950 43700 43703
951 952 43704 43706
953 954 43707 43708
955 956 43709 43710
957 958 43711 43712
959 960 43713 43714
961 962 43715 43716
963 964 43717 43718
965 966 43719 43721
967 968 43722 43738
969 970 43739 43740
971 972 43741 43742
973 974 43743 43745
975 976 43746 43748
977 978 43749 43750
979 980 43751 43753
981 982 43754 43761
983 984 43762 43763
985 986 43764 43765
987 988 43766 43767
989 990 43768 43769
991 992 43770 43771
993 994 43772 43773
995 996 43774 43775
997 998 43776 43777
999 1000 43778 43780
1001 1002 43781 43782
1003 1004 43783 43784
1005 1006 43785 43786
1007 1008 43787 43788
1009 1010 43789 43790
1011 1012 43791 43792
1013 1014 43793 43795
1015 1016 43796 43797
1017 1018 43798 43799
1019 1020 43800 43801
1021 1022 43802 43803
