4 20
4 10
5 22
10 3
1 2
19 3907
224 5203
744 3612
2645 2626
789 5689
3651 1537
1669 4593
1488 2789
246 6102
1481 6051
2604 8048
2143 8675
3375 1288
434 185
1942 6849
3836 827
2335 5038
956 2569
634 1835
2455 2689
16 9395
847 6241
3153 3205
7195 280
3444 1706
7338 9324
699 878
8383 1751
5769 6198
5392 7680
5204 9613
301 2492
3562 8149
1480 3776
971 8208
1371 2871
3863 6418
17 7528
1422 6628
4608 1535
6166 9646
2846 2294
6831 638
7226 9640
2174 9312
4173 7744
103 1591
1592 2980
197 722
3589 1272
2085 2012
2166 8238
6016 2556
1441 762
615 9112
7 546
148 5627
89 4200
207 4735
344 5151
271 8267
97 8913
5 7068
10 409
312 7752
236 1084
352 5369
22 4879
346 1760
329 422
50 3268
187 2325
155 2871
308 6157
9 4467
4216 7653
2495 9919
1874 4369
3174 4220
743 1162
2395 2388
1471 9416
939 461
114 2673
1 5491
303 3920
1 1781
1628 7384
14 5517
1461 2215
3644 8437
2438 7534
1336 4805
1117 2991
2492 2996
4638 934
4225 2525
2838 9870
69 5075
1595 9757
116 4424
5422 543
3107 2926
12 2781
2498 2448
811 2772
1985 843
440 679
1253 2680
1257 7242
601 1710
2603 5389
560 5271
1703 697
2557 7059
1051 5291
5 156
136 4224
75 2285
66 6607
130 3469
100 1162
17 1484
1194 2292
173 8044
548 2520
964 7035
584 9506
560 1422
947 4787
1204 2628
616 2225
738 6265
299 1827
223 6567
374 7969
410 3131
280 8125
729 7460
413 303
16 6313
7 1631
2850 184
1679 3760
3765 988
509 5199
3513 828
776 9005
5727 8307
4311 6568
5612 2547
3553 1471
1534 5198
5802 747
2687 1468
157 9200
3468 4888
2 9256
1240 733
7187 5180
2 8724
2873 6872
3564 8009
0 3391
14 5522
4963 4595
366 2601
565 5510
1451 4355
1032 1817
4137 7333
5291 1724
5484 383
5310 4717
4402 1089
185 6289
1690 303
3899 2149
4583 1644
9 5876
3296 9134
5517 3934
2752 6404
2361 5028
3171 32
5774 6000
1636 652
2038 8883
5159 3100
11 7509
4803 6493
5062 6162
5364 3384
6102 8016
58 9282
3419 3504
4079 4050
6703 5547
793 4760
1331 468
5781 8112
19 2601
438 8154
332 995
2229 8081
1487 1767
1128 7782
644 6606
849 2069
967 8864
2370 1296
2403 1582
0 7157
2319 3980
437 5778
1406 531
12 6451
1314 1097
2400 9393
452 1115
231 4057
7 9035
7505 3097
2187 8745
6036 2445
6913 6490
5504 3664
5544 3671
6884 7323
4 2240
1918 5926
844 470
1068 3832
969 2842
10 1232
1210 8848
1100 1737
998 9964
721 4472
1126 9196
946 7048
175 4570
228 5190
563 9891
701 1569
14 2452
558 1740
2337 6562
1436 3781
1249 9362
821 1660
769 2055
2382 5519
1444 908
2426 8478
2043 1131
2099 4864
1988 6950
2170 1985
1057 8614
15 7196
2051 4142
1677 5358
4467 577
5292 6275
5761 1292
291 8732
6655 4097
123 4540
6734 7337
4394 4519
5641 452
6346 4093
816 9351
700 6817
5597 9244
8 9655
8624 4244
4304 1745
3244 8079
8131 7738
7450 2207
7355 572
2199 3181
1935 1628
20 4886
3279 5890
111 9615
890 4918
3359 4901
3897 1460
628 2202
3043 9143
3456 1570
3681 5938
4135 8415
1916 9343
4878 7554
2089 9198
1737 4711
3654 1588
2422 8305
2367 4896
375 2095
329 1203
871 6903
20 1584
336 8938
1295 5075
1063 2337
638 1333
429 9193
97 3180
380 190
996 8397
752 649
1112 146
1196 8044
1194 499
588 2398
380 1562
425 7765
263 157
738 9158
873 7785
417 2935
14 1397
2 6281
6098 3321
3873 377
1 321
35 6743
4 3303
3008 900
541 6198
1641 520
836 2761
14 72
4 5750
72 1887
42 5115
59 4391
36 7958
31 2099
64 289
46 253
4 9957
53 4234
30 5215
51 9372
67 3855
0 8541
3 1840
708 1047
83 2525
830 3351
4 8595
106 6849
7855 145
2407 7329
5131 9351
17 2130
1225 7884
2049 8156
52 2018
1600 2302
975 5399
129 5740
122 6764
425 2558
1267 4719
1720 7388
499 8968
1238 3386
2071 2689
40 3672
161 6692
906 191
1868 4753
20 4563
1314 1829
4253 8710
1825 8359
3775 715
4552 1943
3404 6640
4280 2161
274 2269
2757 3428
1524 4487
2417 5915
2747 1093
1633 479
591 8797
816 9577
3322 534
3784 6450
1881 7781
1350 3093
3793 3090
16 2065
10 9971
794 7516
416 1117
946 1151
1082 6982
1151 216
130 3344
1059 2568
363 4180
1766 8671
307 1408
673 4132
1604 5049
1793 2795
532 3509
305 4443
12 8342
8172 6278
7567 7018
7514 7760
6671 6167
7122 4351
1661 7964
1291 5084
5252 2747
1692 3946
7007 9079
5544 638
2771 1750
6 3489
1588 8114
479 6664
3084 3244
927 6779
127 9609
1610 8094
11 922
742 1611
193 7988
882 2781
77 14
404 2915
913 8164
905 2649
12 8231
396 9565
15 6832
729 0
17 5280
1063 2944
5025 2317
3146 6209
3016 5828
3537 9186
2384 238
480 3450
1474 9965
297 3154
403 2606
5001 6064
2117 5009
1654 2711
2591 6147
3066 2176
1137 5224
343 8769
7 1303
2 9844
213 7339
335 1561
1009 2564
302 3040
276 7399
850 605
4 1838
1700 5993
362 4479
269 217
273 5271
19 8425
379 8491
6788 6609
2295 2039
748 1484
3482 9319
534 6063
6490 1070
1007 2244
5369 5583
2521 1275
3295 9083
1666 9531
2954 9208
56 4970
1164 9969
6216 2132
8402 2373
3258 8890
2986 2733
2 7300
131 4741
5703 5608
8 5653
5630 2677
3261 4129
2365 4007
1358 5822
1563 4688
3389 6402
1937 7156
2158 1500
2 5904
3578 7100
2752 869
0 906
7 8207
5289 5047
2084 1480
323 7230
3548 3460
6994 2822
4818 473
4281 7327
14 6990
5702 7910
2618 856
6531 7679
3746 9854
2794 4774
3215 6166
295 2341
6045 3274
2414 8023
5030 6735
2592 4980
1885 168
6372 1616
2521 7945
13 7126
3723 113
1937 222
119 1926
736 4577
5316 5013
5388 4907
5007 2938
5030 5551
603 1849
4901 8863
7045 5554
6069 4635
2820 9295
8 9580
1209 9292
9340 2538
7203 8011
2376 0
8085 4583
668 9291
5011 8869
9494 1653
0 472
6 1129
692 1432
828 166
75 7718
515 4655
624 2079
365 3184
18 4685
1394 1905
794 2792
3444 5783
21 1403
3768 2705
1257 6413
1364 1039
3564 8120
3824 7933
3781 1504
2214 1939
2185 309
1495 55
195 1739
517 9076
30 2659
3783 9065
2789 1310
4 6278
1237 2271
3266 8436
4406 794
544 7563
16 832
547 3071
473 6291
28 6064
139 8775
803 6874
324 9652
259 3010
200 4581
247 4406
369 4104
774 2072
284 2664
266 2178
584 9910
698 9298
428 6392
9 1919
1069 938
231 7361
1658 8627
936 9409
1512 4699
1434 914
1172 1885
1626 9343
1849 6457
4 3923
2091 896
816 9596
383 866
3651 1730
3 5416
4048 1932
2740 9809
2516 6994
20 8212
3427 2981
4719 2216
3713 8888
6646 1605
2182 782
5529 1808
3973 1698
2422 5347
5639 8435
5191 4460
3107 6043
5203 8588
5491 5001
1008 6478
704 9065
3716 4238
2924 9466
317 1223
4182 9375
8178 9134
16 2188
1694 6638
1263 8204
4 5522
196 9168
1221 700
524 7002
41 4952
1983 626
1325 3738
302 9553
70 717
1162 701
173 2720
1774 7758
1011 4404
2078 8046
18 48
20 8120
36 8234
2 3296
33 4342
8 5075
11 9155
36 8280
29 3597
44 7371
45 2789
38 3377
4 9687
13 1294
17 5712
28 8334
30 1420
22 3534
20 8654
0 8871
14 1060
662 7077
931 376
107 3980
836 7275
769 7782
144 128
135 4145
739 6023
1055 7415
301 4186
319 6822
1003 6583
615 1178
495 6493
8 2202
1001 1275
2169 5521
1793 6162
6 9245
1038 9680
1494 6218
243 776
3 3445
5 374
348 5425
221 3785
212 3831
242 2287
25 715
4 8119
6341 7863
4108 3563
5129 4800
2758 2417
14 2141
2071 7700
67 8282
1773 5603
342 2743
1348 7837
359 2036
1423 4069
1616 9650
159 26
334 2628
1160 8908
1666 1446
731 6774
949 1181
7 2352
1737 8999
1516 7436
1491 1454
1049 8315
1419 56
31 9956
286 1367
8 4663
1721 6647
3044 3277
3350 1395
2594 892
3970 7865
2015 3444
2717 1105
4077 9245
14 4406
1773 8678
581 5092
1593 976
3706 3369
4195 257
1790 4944
3830 3554
2741 7157
3243 6434
1426 2312
835 644
2799 1996
3400 2558
17 1182
8 263
187 2267
82 8722
57 1488
53 7431
135 2747
191 3187
181 638
0 3271
19 5598
2018 3106
3352 6374
51 333
4463 5271
1968 5083
273 4369
4656 9883
3045 9218
4470 255
2793 4812
5528 8174
2621 985
1477 3467
5485 7552
1551 231
520 9117
4341 1651
1843 6454
4874 4959
9 7380
4317 5671
4317 3794
950 2640
807 5682
4788 9009
3371 9405
4131 1005
3176 7433
6824 6737
11 5605
1796 921
4275 8650
83 1344
4191 65
4285 650
1135 4565
3794 3717
3745 2758
3059 1440
524 343
4857 8864
3 1483
212 1029
1146 6935
196 5090
13 418
205 6366
402 6156
323 6206
52 4895
135 2546
367 8566
183 2302
29 6438
320 4784
353 1202
20 2919
196 1906
235 5
20 8121
3600 5362
5516 9489
7756 7011
6206 4620
5538 3942
1285 503
1413 2438
2592 2143
255 960
2968 4650
3398 1237
7239 8990
4400 9019
5874 1704
7714 4232
6182 3414
4864 838
2221 7719
225 2311
2188 8049
19 4239
3272 3860
2539 9426
2278 9083
2098 9497
3780 4620
3835 6674
1413 5462
4077 8691
3380 9313
1441 5605
2026 3493
2585 5729
3762 4655
2176 2849
1851 1474
1955 468
3278 2104
1089 5436
3409 9723
1 342
224 978
17 3620
218 6160
2695 9915
1467 9516
2725 8853
2081 7297
1010 7279
2501 13
2404 2039
436 8188
3438 746
3236 8722
2736 7999
1560 9899
1821 3442
2596 231
1735 9142
275 418
12 2649
68 2796
2150 1536
1853 318
663 5361
1724 2621
2501 6129
1338 5267
2264 6875
1804 2899
1364 237
744 6465
1744 5187
5 1822
952 3139
66 3062
620 6069
922 1516
532 4050
10 3544
1388 2887
166 1478
1689 1433
2622 816
1198 2635
1311 2937
1531 9816
1 7306
792 3949
171 4307
11 3873
1210 2706
2704 3034
3244 8208
1600 7916
1419 1751
265 8161
2879 225
2176 2631
108 6727
276 5496
3567 70
5 1052
785 4089
497 1786
215 6412
474 9673
917 6226
2 3912
472 1748
250 6426
11 736
638 9759
324 9909
324 4466
290 4856
553 4902
695 1881
270 7276
528 6744
26 7208
41 1503
164 4464
15 4284
3847 4464
2176 6718
1667 6769
3625 7326
1089 1649
4080 8981
1609 7283
3789 1907
1952 6752
1820 8886
3835 8473
283 8989
2736 3464
20 4827
1347 2242
11 1331
616 725
354 6809
392 667
1035 6599
486 840
1051 5008
981 4255
240 7316
634 1688
613 6246
1099 1931
15 35
35 259
11 7327
26 5364
28 1785
23 2414
33 8649
11 8211
13 194
23 2496
5 8492
29 1393
34 1539
22 5743
30 3761
12 2241
6 5649
2200 6512
3266 3531
1448 6254
2901 4909
3978 5703
335 740
3 2316
2024 2476
553 993
2254 1808
20 301
16 6059
260 7990
26 1403
116 651
141 2618
29 2061
194 3668
22 169
297 9933
150 8741
154 3466
84 8739
147 7128
204 5456
93 4743
89 9891
240 1674
92 8421
77 5494
117 2948
20 464
119 7019
343 2606
144 5201
213 2637
232 3362
204 142
367 8827
370 6093
168 5929
3 7250
72 195
388 6387
106 713
210 814
148 515
453 787
455 9656
206 4327
277 566
96 9831
13 6150
1136 5962
4781 3998
825 6809
2517 4434
562 5632
2686 1320
2757 7515
3999 1587
4423 8500
3370 7571
2022 7919
3045 2983
4908 5749
1 7255
5902 6578
7 133
6 6289
18 1268
63 6030
132 2212
100 9127
91 3437
112 6165
17 7621
533 9850
1825 1161
2449 9980
1213 6468
1354 8431
2 150
1455 8968
5396 2029
7242 5601
1313 485
117 3242
3937 9717
6628 1614
4201 7845
4403 3407
6490 1196
1365 811
5 3936
377 8878
3084 8788
1727 8572
1755 8673
2308 6878
0 0
