182
1 2
2147483646 2147483647
2 4
2147483645 2147483647
3 6
2147483644 2147483647
4 8
2147483643 2147483647
5 10
2147483642 2147483647
6 12
2147483641 2147483647
7 14
2147483640 2147483647
8 16
2147483639 2147483647
9 18
2147483638 2147483647
10 20
2147483637 2147483647
11 22
2147483636 2147483647
12 24
2147483635 2147483647
13 26
2147483634 2147483647
14 28
2147483633 2147483647
15 30
2147483632 2147483647
16 32
2147483631 2147483647
17 34
2147483630 2147483647
18 36
2147483629 2147483647
19 38
2147483628 2147483647
20 40
2147483627 2147483647
21 42
2147483626 2147483647
22 44
2147483625 2147483647
23 46
2147483624 2147483647
24 48
2147483623 2147483647
25 50
2147483622 2147483647
26 52
2147483621 2147483647
27 54
2147483620 2147483647
28 56
2147483619 2147483647
29 58
2147483618 2147483647
30 60
2147483617 2147483647
31 62
2147483616 2147483647
32 64
2147483615 2147483647
33 66
2147483614 2147483647
34 68
2147483613 2147483647
35 70
2147483612 2147483647
36 72
2147483611 2147483647
37 74
2147483610 2147483647
38 76
2147483609 2147483647
39 78
2147483608 2147483647
40 80
2147483607 2147483647
41 82
2147483606 2147483647
42 84
2147483605 2147483647
43 86
2147483604 2147483647
44 88
2147483603 2147483647
45 90
2147483602 2147483647
46 92
2147483601 2147483647
47 94
2147483600 2147483647
48 96
2147483599 2147483647
49 98
2147483598 2147483647
50 100
2147483597 2147483647
51 102
2147483596 2147483647
52 104
2147483595 2147483647
53 106
2147483594 2147483647
54 108
2147483593 2147483647
55 110
2147483592 2147483647
56 112
2147483591 2147483647
57 114
2147483590 2147483647
58 116
2147483589 2147483647
59 118
2147483588 2147483647
60 120
2147483587 2147483647
61 122
2147483586 2147483647
62 124
2147483585 2147483647
63 126
2147483584 2147483647
64 128
2147483583 2147483647
65 130
2147483582 2147483647
66 132
2147483581 2147483647
67 134
2147483580 2147483647
68 136
2147483579 2147483647
69 138
2147483578 2147483647
70 140
2147483577 2147483647
71 142
2147483576 2147483647
72 144
2147483575 2147483647
73 146
2147483574 2147483647
74 148
2147483573 2147483647
75 150
2147483572 2147483647
76 152
2147483571 2147483647
77 154
2147483570 2147483647
78 156
2147483569 2147483647
79 158
2147483568 2147483647
80 160
2147483567 2147483647
81 162
2147483566 2147483647
82 164
2147483565 2147483647
83 166
2147483564 2147483647
84 168
2147483563 2147483647
85 170
2147483562 2147483647
86 172
2147483561 2147483647
87 174
2147483560 2147483647
88 176
2147483559 2147483647
89 178
2147483558 2147483647
90 180
2147483557 2147483647
91 182
2147483556 2147483647
