9.3 10.1 8.3 7.7 9.2 9.4 10.5 9.9 9.8
100.3 99.2 102.1 101.8 101.3 101.1 100.9 102.3 99.9
1 2 3 4 5 6 7 8 9
9 8 7 6 5 4 3 2 1
8 9 7 6 1 3 2 4 5
36.56 49.03 95.18 62.24 92.81 47.77 89.94 85.13 54.68
68.62 45.33 67.89 78.5 80.15 56.76 64.47 30.98 63.38
44.0 58.74 54.26 72.87 91.9 72.51 40.52 80.57 62.91
82.82 88.59 61.4 60.91 58.84 69.13 38.57 72.15 76.24
34.17 31.01 94.95 83.58 32.19 83.25 62.99 50.08 62.51
76.39 76.65 84.5 86.5 87.93 38.04 53.25 80.45 63.9
65.65 62.73 74.33 31.57 90.48 71.07 60.29 72.24 70.2
97.84 44.04 94.37 99.21 32.38 60.05 72.35 58.8 74.02
52.23 86.85 50.52 44.88 33.12 80.49 57.24 37.47 48.45
78.65 97.36 36.87 65.51 42.38 92.58 38.57 37.16 97.11
35.55 36.41 83.46 63.36 41.36 72.62 59.9 41.66 63.1
62.51 35.94 82.13 37.37 85.83 72.15 46.84 68.43 80.37
47.61 34.44 47.67 85.9 34.51 78.41 82.77 52.17 61.93
52.2 69.29 65.61 39.23 62.05 67.81 57.7 85.98 94.11
60.95 85.99 93.26 30.64 54.6 60.24 36.19 45.9 72.0
67.45 50.29 44.59 79.58 81.8 91.73 32.62 79.88 58.48
59.8 78.72 68.07 57.39 45.13 82.04 55.67 53.71 92.85
95.29 65.81 84.15 67.37 93.29 56.55 97.88 73.77 53.49
89.0 50.8 52.93 92.28 57.27 35.89 62.35 35.06 59.93
66.44 65.59 66.64 71.22 75.87 61.92 45.35 57.11 36.15
99.12 75.21 85.22 58.63 99.61 33.17 73.03 58.96 73.05
71.54 82.57 41.64 31.63 90.52 88.24 53.31 73.79 75.48
70.48 63.76 98.0 58.26 69.5 46.3 98.32 41.41 35.1
99.45 84.57 55.86 36.86 55.66 65.89 61.26 59.38 63.55
92.3 46.13 68.18 90.98 47.79 84.22 43.76 71.67 39.35
64.52 96.3 92.86 56.34 87.25 77.52 35.77 51.85 82.63
75.57 70.49 49.42 77.21 56.0 43.96 39.91 95.45 71.11
31.54 68.21 68.44 96.96 56.85 49.45 51.99 31.94 97.08
89.87 47.8 32.6 84.77 87.34 31.66 99.14 94.13 38.33
45.36 93.95 55.07 83.76 59.8 84.17 50.53 60.06 76.39
56.91 89.67 77.27 67.12 39.56 88.13 52.97 54.4 33.1
87.56 45.29 88.43 52.8 66.46 76.56 39.16 44.86 58.29
55.29 80.06 59.82 91.75 71.87 86.87 57.2 73.97 34.02
86.06 93.65 94.24 96.32 80.72 75.43 61.51 99.3 63.96
41.46 87.67 93.51 34.91 61.47 89.47 30.83 88.22 73.72
55.35 74.66 57.42 81.47 44.36 41.15 48.58 84.15 47.25
39.7 69.7 84.5 79.5 56.21 52.65 69.07 86.22 69.59
50.7 46.68 53.2 71.4 84.41 54.63 79.98 35.25 89.93
49.78 57.46 51.5 91.86 81.73 79.11 94.3 47.05 40.5
46.62 93.02 59.67 95.52 63.96 87.51 44.25 56.21 59.72
98.26 62.92 91.96 85.57 66.24 56.8 31.97 91.08 92.21
33.39 48.53 96.77 91.21 51.93 96.99 81.21 50.69 66.14
97.42 69.44 82.76 72.65 88.75 31.61 40.59 73.0 40.24
45.03 40.05 81.13 50.75 45.71 88.07 41.9 82.2 98.79
85.2 57.01 60.59 35.75 84.2 42.8 73.31 47.55 57.27
69.57 93.73 69.81 65.28 86.15 64.85 60.37 87.19 56.1
34.22 93.99 92.74 60.35 66.7 45.14 99.8 34.63 54.01
37.21 99.09 89.14 55.23 30.03 75.47 56.79 87.22 75.74
76.33 75.38 33.89 69.75 67.19 60.22 99.76 69.48 80.24
36.6 33.39 32.59 38.44 90.25 74.33 96.03 32.36 63.76
49.77 80.01 77.02 78.39 31.32 56.7 89.85 90.0 45.3
60.91 75.32 99.32 76.93 73.49 38.01 79.22 61.67 75.6
37.11 36.36 36.48 79.87 77.79 53.98 48.2 33.32 55.97
97.78 45.56 57.51 56.82 57.95 67.3 58.42 97.8 80.11
43.45 34.74 96.63 71.27 34.1 33.62 66.72 50.73 47.93
80.89 49.75 86.65 71.23 95.84 67.03 87.51 91.04 79.69
38.98 85.72 34.5 88.37 66.5 84.03 73.55 37.89 80.88
73.84 49.32 68.75 78.68 62.57 77.64 79.26 44.92 79.5
84.23 50.82 64.19 53.17 33.06 96.31 40.86 55.04 30.01
33.88 85.9 42.91 93.23 47.23 79.27 73.88 36.83 91.2
56.56 94.91 36.13 92.9 69.42 64.05 91.11 76.35 64.62
41.76 68.69 40.99 60.94 56.98 48.61 63.61 55.34 55.61
48.71 32.79 91.62 68.85 86.33 32.54 53.76 75.96 75.63
43.02 55.06 53.32 85.69 69.73 83.82 51.92 53.67 91.15
83.1 86.5 43.65 59.89 33.19 46.77 72.23 98.7 84.67
53.75 81.32 99.67 93.39 45.81 46.68 92.06 94.67 90.16
66.05 85.08 65.1 52.24 57.71 66.53 92.29 88.54 46.35
79.34 72.38 77.46 78.25 81.59 32.09 47.06 65.15 33.25
53.29 40.37 93.63 78.65 94.76 58.4 66.93 44.6 88.68
68.94 76.96 84.58 87.7 76.87 49.26 75.65 61.53 35.77
85.23 38.41 84.3 43.55 65.33 78.46 92.89 58.33 37.38
72.21 83.75 81.31 70.23 69.24 95.45 69.0 55.99 44.8
32.72 95.28 90.06 68.19 53.08 49.78 57.65 45.82 91.27
59.65 54.48 36.49 97.77 88.75 74.91 70.8 75.73 83.01
52.38 84.39 78.64 39.68 98.21 43.51 71.27 51.85 46.44
33.73 47.67 30.5 85.35 33.37 41.9 77.14 53.33 77.06
68.46 93.61 89.86 47.68 35.17 75.24 38.35 70.41 35.31
72.64 58.02 97.37 58.95 49.63 68.38 67.94 35.44 77.52
34.4 96.43 80.9 59.52 68.56 88.71 30.93 52.32 97.69
37.56 41.31 89.47 74.45 77.81 80.53 91.87 31.71 90.92
55.94 88.97 91.16 32.58 62.69 45.96 49.46 66.38 73.56
49.19 49.89 33.45 94.02 94.67 99.08 59.4 50.7 73.11
55.32 62.74 91.76 36.16 80.08 77.62 31.57 39.71 46.21
81.07 40.48 78.76 87.69 37.58 40.79 35.65 78.57 65.61
75.48 72.52 60.76 90.58 93.09 91.64 82.43 92.91 83.73
93.37 85.31 59.07 92.53 66.0 52.83 66.44 94.6 49.34
58.82 32.95 72.64 52.81 77.66 36.05 61.81 89.17 82.39
93.68 76.4 36.69 36.03 82.41 54.11 62.43 44.0 48.49
43.89 50.57 98.22 97.33 63.58 38.07 81.14 39.81 77.92
62.04 46.76 65.8 92.5 36.06 37.43 42.16 31.93 83.59
91.83 61.67 72.32 47.99 90.12 80.73 33.01 35.72 33.67
47.88 84.02 90.98 54.62 74.85 47.88 80.63 53.73 94.81
69.16 96.31 96.63 99.2 91.62 50.41 84.3 96.28 31.28
90.2 66.44 69.65 31.35 59.21 84.49 76.06 48.37 66.66
42.64 94.55 67.89 67.49 88.97 41.29 75.62 37.44 43.34
69.72 71.14 55.64 57.23 83.69 92.92 68.94 82.05 70.62
57.59 40.2 40.84 59.03 31.15 99.63 69.59 71.29 55.7
70.19 59.33 83.91 43.95 86.16 59.79 47.64 92.73 52.0
31.21 78.26 74.6 45.11 47.55 90.27 68.24 54.27 40.17
83.19 62.2 86.07 40.96 35.29 62.58 44.8 80.37 43.81
71.15 56.35 89.17 81.03 76.76 93.22 65.63 48.16 75.6
37.18 95.86 75.7 89.2 77.64 89.07 73.8 76.6 90.01
43.66 83.77 90.69 69.02 85.78 98.43 84.37 72.07 48.85
72.05 66.65 74.68 66.72 70.51 71.9 50.37 67.89 44.19
59.11 87.46 91.61 51.44 74.35 83.36 49.61 59.49 86.77
49.18 45.88 96.64 76.21 54.52 41.83 72.61 78.99 43.95
93.28 76.75 31.95 80.2 34.46 86.96 54.56 35.12 85.84
42.81 94.27 64.72 65.36 82.03 55.85 45.09 55.19 35.3
55.27 82.39 89.68 65.08 40.11 98.93 67.2 36.67 30.33
79.81 77.81 36.23 67.91 76.85 43.98 99.97 38.24 99.38
36.26 86.48 47.83 67.55 37.61 90.87 90.83 40.57 63.56
76.11 76.46 59.63 78.42 88.39 67.69 36.88 86.88 57.32
35.26 44.99 94.19 92.87 96.87 47.42 91.21 42.18 48.49
84.88 80.64 80.74 62.43 55.88 65.19 65.9 46.09 94.46
78.01 78.78 50.53 91.21 42.43 47.28 37.74 81.81 43.98
31.54 44.52 87.46 41.82 31.03 55.82 95.01 61.62 62.41
43.51 75.75 73.4 78.5 73.69 59.44 86.95 53.19 87.2
60.67 37.47 56.68 37.85 73.84 43.09 97.5 45.29 73.13
48.95 39.36 46.78 86.08 37.02 31.82 34.92 70.86 73.78
34.25 38.33 66.88 46.24 56.96 71.42 82.98 77.88 36.82
79.25 37.16 51.23 67.22 36.75 55.69 34.97 74.15 65.96
75.18 43.6 76.78 85.81 88.67 36.23 67.94 98.3 80.14
67.79 30.65 66.61 34.16 42.89 65.1 74.85 89.38 38.48
77.48 44.44 91.15 86.85 89.98 96.97 39.22 76.19 97.31
66.86 92.12 81.55 82.89 70.51 89.84 75.57 75.47 70.91
67.02 47.53 77.5 41.71 92.95 34.52 41.97 78.06 49.37
93.7 62.5 96.35 52.45 51.44 57.33 72.18 93.74 81.58
91.13 78.8 51.54 76.41 99.29 54.83 92.25 35.17 95.31
37.21 53.94 88.75 78.58 83.21 72.54 68.42 50.04 83.42
91.97 69.15 32.78 60.92 95.78 62.27 89.97 77.11 68.81
67.05 50.56 31.12 60.04 84.52 86.96 51.99 87.44 37.93
45.41 69.94 61.11 63.7 73.01 48.42 68.02 94.3 41.94
75.88 87.2 87.44 56.69 65.46 89.39 85.65 84.65 74.04
35.65 73.39 60.19 64.08 99.94 85.34 53.2 37.96 61.64
83.63 80.77 77.3 57.07 59.2 75.7 61.89 82.03 35.18
51.42 99.34 35.69 48.27 60.19 99.67 33.66 52.05 75.42
44.74 64.69 54.62 52.76 55.99 39.07 59.34 93.34 71.34
98.18 53.19 47.43 49.15 39.24 60.78 74.71 32.44 51.82
43.75 89.2 33.07 64.63 82.29 60.99 88.36 84.54 64.56
75.55 44.28 39.41 54.74 93.35 79.62 40.26 36.6 65.33
36.81 59.13 42.26 31.13 63.57 46.73 76.62 31.38 93.06
46.81 60.82 79.49 90.62 54.35 37.53 32.5 94.89 40.2
46.88 86.61 34.53 47.12 53.33 94.03 86.95 38.6 66.15
83.59 82.62 75.54 30.88 43.23 33.53 71.86 76.77 60.21
59.61 34.99 63.26 65.14 89.04 62.4 58.3 45.41 65.67
77.4 32.32 60.73 44.19 37.69 47.74 84.59 82.93 45.02
92.38 96.28 69.11 73.86 59.85 40.21 34.76 77.22 96.01
73.34 67.12 61.9 92.24 61.4 53.68 83.73 65.16 71.06
89.89 46.78 78.96 84.69 86.08 59.05 70.56 82.1 68.06
54.11 68.61 71.55 31.56 42.24 38.5 77.31 50.93 77.51
83.81 90.54 58.9 36.99 57.9 99.89 67.31 91.38 33.27
81.96 83.41 54.46 65.24 60.4 50.97 71.83 53.49 32.01
97.67 97.34 95.89 85.7 95.1 43.09 31.9 50.01 64.93
89.65 31.76 56.01 42.19 48.67 39.88 36.69 77.75 30.42
34.42 89.27 83.4 56.22 40.78 77.44 59.0 36.33 30.84
87.2 71.04 41.37 96.84 87.96 45.05 99.49 61.51 76.94
84.93 56.43 35.53 93.65 81.77 38.63 36.8 36.38 81.53
64.2 86.02 31.66 59.17 47.71 40.85 37.9 30.93 94.28
94.66 88.12 92.19 35.95 73.15 44.25 76.77 30.24 41.4
85.25 70.09 46.86 30.01 49.05 58.44 83.17 32.64 81.14
53.1 84.99 94.79 93.0 63.83 35.23 98.46 75.08 66.24
57.22 60.34 80.88 81.19 76.95 89.77 79.46 72.74 99.32
86.9 38.26 46.57 47.26 63.71 38.92 61.27 55.78 30.71
68.77 68.44 81.97 99.91 88.11 95.76 52.5 89.81 90.92
99.95 69.76 50.35 35.22 82.72 61.64 53.82 70.25 79.95
30.53 75.46 98.72 87.39 43.9 88.11 77.04 48.63 71.06
43.37 87.77 63.59 70.99 58.34 92.23 34.23 40.33 68.45
94.69 80.63 89.26 49.95 33.61 77.99 97.82 98.16 74.37
68.25 89.23 68.02 78.42 73.83 77.03 66.64 43.13 46.92
42.63 61.84 91.12 71.85 62.74 51.33 87.32 48.85 50.62
57.22 94.93 86.36 39.53 64.76 87.76 48.43 30.63 70.93
72.48 30.27 58.27 32.59 43.66 61.29 85.38 48.68 66.82
82.99 48.74 40.07 48.69 37.12 38.61 66.52 36.53 69.25
83.41 65.43 88.55 63.66 30.59 35.43 93.09 33.93 98.68
91.04 32.65 83.52 49.7 37.17 49.71 75.69 52.95 42.42
31.62 85.79 32.6 84.35 76.47 93.18 62.62 88.66 68.48
95.02 36.19 61.1 49.92 34.05 53.45 85.87 49.67 52.79
65.76 47.96 58.55 30.88 71.68 49.08 95.69 79.25 89.72
59.6 80.78 66.48 89.55 39.94 74.13 35.53 99.67 68.32
62.04 97.53 34.9 87.31 56.87 62.66 99.78 61.93 62.6
60.36 91.74 97.19 48.36 64.53 65.93 51.31 44.5 40.1
54.52 96.21 97.22 61.68 39.07 39.47 64.15 71.28 50.2
55.14 37.34 68.95 49.46 93.88 78.54 58.87 93.46 32.36
36.39 65.27 73.24 88.4 42.87 47.47 37.95 40.06 48.72
37.58 82.47 64.91 48.05 86.03 87.03 48.61 42.83 42.68
48.73 70.92 66.61 90.23 31.79 58.44 54.67 83.14 61.79
46.89 78.3 98.96 58.41 64.43 52.94 61.57 36.28 61.98
76.01 89.51 33.88 37.38 98.72 35.24 95.02 78.12 94.3
42.83 30.32 69.78 34.96 36.77 52.06 34.61 87.45 95.34
70.77 48.07 57.49 33.44 35.8 60.5 36.17 53.37 90.08
81.73 32.21 49.67 45.75 57.26 83.32 37.59 77.33 65.16
69.36 53.64 58.9 39.07 60.48 88.76 65.71 89.59 38.69
36.72 84.98 64.59 38.96 83.22 34.27 52.63 89.71 53.05
83.98 86.71 57.54 58.61 46.02 36.14 74.44 63.01 30.77
53.24 89.24 39.41 87.65 62.44 82.49 38.19 30.16 77.98
53.48 57.85 62.36 85.86 55.74 51.94 47.97 80.3 90.98
40.94 45.78 89.67 32.73 51.09 31.28 60.49 67.32 43.92
75.99 87.25 32.93 69.92 75.45 64.61 86.65 35.67 85.18
74.01 50.07 49.42 61.02 98.68 62.8 72.91 34.66 73.87
30.47 37.91 97.98 31.86 31.95 77.29 63.62 52.19 57.44
40.59 91.23 61.27 79.99 78.2 88.74 89.94 89.3 30.48
87.38 41.29 85.91 46.3 88.05 52.14 99.22 73.74 62.18
66.29 92.25 89.09 45.57 36.9 43.89 48.09 35.88 46.96
63.29 70.69 40.11 41.8 44.75 37.75 50.63 56.86 36.12
87.47 85.66 98.55 33.14 73.87 62.67 35.38 86.37 39.86
34.55 87.18 80.92 56.61 34.4 35.13 55.78 49.33 85.4
54.35 62.05 38.41 69.45 55.21 85.97 45.03 43.45 63.17
76.93 44.22 63.13 42.47 85.81 75.22 92.74 59.98 35.03
76.92 71.79 51.17 65.21 48.57 77.39 60.48 86.91 73.97
44.64 76.84 99.55 44.29 80.57 93.37 86.52 96.38 74.01
74.04 55.14 89.8 93.26 58.89 34.12 35.25 86.23 79.29
77.88 31.33 93.57 38.89 52.48 40.37 71.88 71.92 50.0
96.94 65.67 70.63 64.33 69.19 91.89 85.74 36.37 76.77
59.62 36.3 38.43 98.52 60.74 65.35 89.45 55.48 66.72
81.6 61.18 57.8 37.56 58.99 62.67 67.96 60.85 85.7
44.32 32.14 44.84 59.48 89.5 51.54 74.1 41.19 69.39
72.19 53.18 32.42 55.0 98.5 50.52 32.29 42.39 52.65
55.96 69.05 94.36 50.36 69.55 48.05 37.48 67.48 97.41
41.73 93.77 70.82 72.36 66.29 33.5 75.75 60.64 69.91
50.85 50.05 36.15 61.19 38.84 45.83 49.1 61.48 57.5
80.25 71.99 72.34 40.48 75.65 93.3 33.14 86.96 36.94
49.41 57.15 45.67 32.41 52.44 40.68 37.74 98.96 92.15
42.81 78.26 98.65 64.49 58.47 56.68 83.8 46.59 87.0
89.12 73.66 49.16 90.85 91.29 60.23 79.03 72.4 58.73
81.4 39.19 82.56 64.19 61.67 51.84 62.99 42.07 90.27
89.93 49.67 49.61 82.64 56.72 39.44 63.19 30.33 34.89
50.94 85.21 34.32 75.48 38.71 73.55 45.85 61.24 64.84
47.26 34.63 56.4 65.93 54.89 46.22 95.14 83.42 54.08
86.11 53.59 82.66 86.5 32.38 66.78 75.11 53.68 54.35
84.43 91.61 73.86 35.74 36.25 84.7 51.07 79.96 32.21
69.13 40.17 66.76 85.59 96.36 89.01 95.94 66.03 70.82
35.57 64.88 86.23 83.0 78.15 56.49 87.14 76.14 96.65
51.17 60.62 81.25 59.9 78.78 71.64 79.98 95.07 61.37
70.83 91.9 80.69 84.22 55.76 79.53 66.65 64.04 65.7
83.12 89.4 42.51 62.28 57.58 64.06 92.61 56.07 69.05
74.17 36.05 88.62 42.85 54.26 47.43 35.07 77.61 92.76
49.28 76.86 46.9 87.29 87.16 83.03 59.61 56.64 68.42
75.09 44.77 59.54 73.99 94.72 85.88 82.16 38.79 62.21
65.68 71.51 32.99 41.42 79.44 83.47 98.02 76.74 59.53
63.68 43.02 40.01 96.14 70.13 36.59 35.24 59.03 34.1
46.9 79.09 73.95 79.54 99.77 48.07 53.91 32.59 63.94
62.37 70.43 57.96 74.27 90.06 40.37 65.74 67.95 74.19
74.47 31.74 44.86 98.6 76.89 52.52 98.1 97.14 94.92
32.2 40.2 68.84 81.97 31.07 74.6 76.23 54.21 55.86
70.26 75.77 57.05 55.93 88.2 44.76 80.48 37.59 43.31
64.26 44.09 54.89 64.34 55.68 61.58 84.34 91.89 73.22
61.96 79.48 84.97 63.66 48.39 56.22 69.67 72.34 71.89
71.35 33.89 96.92 43.85 43.58 83.52 70.25 49.95 75.31
91.67 55.67 44.08 40.91 82.41 86.67 44.25 75.56 40.64
96.82 76.64 64.64 92.45 71.33 47.66 32.51 37.15 78.9
35.17 93.6 55.23 75.18 93.3 37.98 77.09 95.33 56.26
72.49 74.62 53.28 33.4 46.6 83.89 49.79 35.75 98.53
30.23 80.66 60.97 94.17 50.33 68.34 50.4 72.99 50.53
75.09 36.38 74.99 65.75 50.74 84.84 84.18 39.69 77.41
79.22 98.7 36.74 96.41 58.7 59.89 32.51 63.53 46.13
53.99 85.89 43.0 59.85 41.69 63.55 56.0 63.97 86.6
84.18 68.09 39.75 64.67 61.85 78.0 46.81 91.58 96.01
49.37 62.22 43.12 75.66 39.69 84.46 74.92 98.55 38.0
87.4 31.44 39.84 56.36 94.86 55.42 76.3 46.24 96.42
63.69 35.13 61.06 98.26 75.51 90.82 76.44 32.96 78.8
39.26 97.92 75.2 83.56 38.59 94.18 80.97 85.75 35.62
42.12 35.65 70.35 61.38 33.96 93.42 53.7 37.95 87.51
79.74 80.5 40.44 51.92 82.33 34.83 33.89 38.08 47.65
69.18 92.59 60.86 97.69 53.82 76.02 73.7 55.43 63.15
98.01 56.4 78.7 34.67 73.74 50.03 92.15 67.66 53.87
82.35 35.93 73.02 65.4 92.57 92.47 62.74 69.26 62.78
52.22 99.91 81.13 52.95 63.47 69.13 89.13 55.49 33.19
65.09 47.6 65.74 32.92 99.32 50.03 91.96 81.9 58.49
72.72 67.28 82.84 48.93 58.57 35.06 45.95 67.03 32.9
99.09 85.52 85.22 79.68 73.34 76.81 81.19 83.58 58.27
32.99 50.67 65.56 92.85 98.57 88.27 92.44 32.89 80.29
50.1 58.15 88.58 99.55 75.35 70.02 39.45 68.88 84.64
96.73 41.88 65.31 38.68 57.08 97.36 46.99 40.18 91.09
44.42 81.45 39.3 77.29 78.57 69.69 44.85 60.7 59.99
36.27 90.61 40.17 68.84 67.86 91.55 81.12 30.4 87.29
90.51 76.63 83.1 56.42 97.98 81.92 77.12 49.06 48.24
35.14 42.45 67.09 64.11 91.85 74.95 80.67 43.02 89.35
33.22 92.92 50.78 53.3 45.69 60.56 64.4 81.51 34.94
87.37 52.42 59.92 33.71 75.72 31.01 88.88 76.81 98.8
57.32 33.62 98.13 93.95 95.43 54.57 92.07 63.91 72.56
88.12 92.04 30.93 82.13 70.24 85.47 99.25 45.17 47.29
72.55 73.78 84.26 32.11 90.86 63.41 34.84 84.6 94.69
41.81 42.66 99.07 46.45 44.81 88.29 40.17 48.16 96.09
86.74 44.29 69.07 67.19 68.17 45.91 88.5 49.0 73.12
54.09 39.24 37.53 73.23 62.97 56.99 58.74 59.95 55.85
60.8 39.93 51.75 99.77 97.52 66.74 71.66 73.74 50.18
79.53 30.56 46.63 61.01 33.15 78.26 42.09 84.03 57.28
35.96 46.37 89.17 55.78 44.06 42.54 57.48 99.95 69.12
70.25 66.61 64.12 70.48 33.26 58.3 66.85 71.51 60.06
99.65 52.33 97.82 95.17 76.49 89.47 93.3 51.39 56.49
85.77 63.48 44.13 68.31 30.37 79.32 54.38 93.73 69.01
30.77 41.5 55.37 54.73 64.25 58.5 30.56 96.68 41.98
78.97 95.85 34.5 55.67 66.52 59.33 78.34 53.82 67.41
87.73 78.5 78.57 44.42 43.42 86.88 46.76 59.93 76.83
84.34 99.72 69.24 33.79 60.8 68.41 46.02 85.42 71.97
30.06 88.62 96.53 59.69 36.92 31.27 44.24 32.81 71.87
97.23 69.74 52.91 75.1 68.96 73.26 67.71 76.78 62.38
96.11 97.64 35.92 75.34 89.3 96.58 79.64 84.9 93.76
77.38 80.43 88.48 79.06 34.07 60.08 82.78 55.53 65.05
85.76 97.69 76.55 55.65 78.97 84.6 77.17 84.87 88.54
80.57 39.07 36.28 54.29 47.16 80.45 57.01 48.13 49.6
76.31 68.34 57.8 86.36 60.83 82.64 37.48 70.35 91.49
45.35 33.86 38.15 93.28 91.88 76.57 59.19 47.67 40.5
95.41 59.19 93.87 86.58 85.29 30.58 67.06 72.8 79.59
95.75 55.01 54.85 86.89 55.51 66.17 44.62 80.97 33.32
95.14 90.94 83.66 98.48 41.91 57.58 70.92 43.69 61.99
50.32 46.9 64.18 49.6 38.03 68.31 65.41 52.67 66.11
38.55 84.3 72.97 89.52 31.16 58.1 41.26 46.58 39.74
42.99 95.68 57.79 75.89 81.01 35.98 80.85 97.11 74.36
30.9 94.04 95.86 40.66 90.66 65.48 68.8 53.99 75.78
68.29 61.24 95.3 57.58 84.12 75.34 53.0 85.16 50.87
34.63 33.93 88.4 67.83 30.77 45.77 77.98 58.0 84.58
88.6 31.22 47.32 75.21 89.17 38.37 55.57 36.14 89.31
60.35 61.75 94.47 97.47 39.04 78.47 53.98 89.35 90.2
39.07 63.15 59.94 48.44 90.17 53.26 44.83 55.4 84.43
86.03 68.21 86.27 78.46 66.65 91.32 48.62 35.16 97.23
51.19 53.53 64.27 51.09 90.97 76.83 62.62 88.93 64.07
89.93 94.09 52.43 38.78 94.49 57.05 45.12 76.15 67.85
77.78 31.11 72.28 82.99 58.18 31.13 88.81 36.72 84.54
70.99 39.89 39.26 34.7 59.85 81.74 47.3 76.55 45.94
90.0 35.31 47.79 61.3 66.1 63.18 34.26 30.62 64.23
79.96 57.92 30.29 51.88 66.94 80.51 39.44 53.73 93.59
73.75 85.26 40.76 33.67 68.32 81.48 63.82 60.23 59.18
72.14 46.04 51.72 71.36 88.68 99.46 55.93 70.86 38.56
54.05 78.38 46.93 91.78 55.36 89.48 84.32 40.56 98.38
96.53 74.42 73.28 69.36 56.57 56.05 83.66 35.82 80.66
86.52 46.0 87.13 77.75 72.32 47.13 44.37 40.3 96.03
68.25 76.09 64.9 41.43 80.88 84.36 52.05 63.75 51.97
77.76 94.61 71.18 64.08 59.47 55.63 72.49 80.91 90.51
55.17 65.78 89.49 85.96 92.45 99.44 52.61 76.36 89.47
96.62 84.84 39.67 99.52 40.47 74.03 68.26 88.31 37.25
90.87 65.75 68.61 55.23 68.74 86.23 38.51 86.92 86.17
93.27 79.94 55.48 69.2 79.99 86.83 44.03 31.15 74.28
62.02 66.48 71.09 72.58 90.98 45.67 30.15 88.49 61.41
87.19 60.29 86.4 77.67 42.28 67.2 46.07 44.29 95.27
80.0 50.04 38.22 32.01 49.73 58.86 96.91 42.29 97.76
61.7 96.35 57.35 35.74 37.84 92.09 34.37 75.52 37.88
75.08 88.87 57.59 87.99 94.08 61.47 75.53 67.76 55.07
76.19 50.34 69.8 84.3 87.31 43.95 38.41 56.82 45.01
89.09 41.61 74.0 83.85 95.39 51.56 55.22 46.27 30.08
35.05 52.51 50.86 45.88 62.82 50.57 59.07 93.66 67.69
54.25 73.21 31.12 54.81 76.1 90.41 30.54 47.22 84.29
36.56 85.5 68.72 97.42 42.39 70.68 65.48 50.78 40.8
81.4 56.27 67.06 95.09 53.18 55.8 47.35 61.88 77.2
75.3 40.28 35.96 32.14 67.15 99.48 71.59 83.49 81.09
38.72 44.44 33.15 77.31 92.27 66.96 92.95 47.3 53.81
59.16 98.41 48.96 92.32 88.56 75.74 88.4 83.75 56.23
62.6 82.83 35.89 91.03 87.8 93.29 78.81 92.89 94.01
47.37 45.14 42.31 83.79 34.67 76.15 50.8 45.6 60.29
80.98 88.86 52.34 83.44 77.62 33.47 70.66 33.43 83.69
59.99 96.49 59.25 78.85 96.0 79.29 82.29 34.52 95.76
99.47 54.8 93.61 69.23 93.29 66.44 95.31 34.94 61.74
89.74 98.62 41.49 77.71 91.2 40.58 78.38 92.21 77.98
35.64 43.42 69.34 92.02 47.86 67.4 86.88 89.75 64.45
83.97 62.7 56.81 31.13 61.52 74.69 60.92 38.71 37.13
63.46 46.4 94.86 50.24 50.73 94.81 35.99 61.33 88.73
40.71 47.41 86.22 97.11 72.56 96.96 42.15 97.82 50.74
94.5 92.58 53.04 84.19 90.59 37.38 76.31 86.33 60.2
88.38 64.64 43.92 66.13 77.01 72.23 37.78 69.15 56.01
36.99 60.17 60.38 88.52 49.43 70.79 86.82 63.43 37.05
52.47 32.65 88.02 63.87 44.39 52.68 81.5 87.53 85.31
55.43 96.17 43.9 78.55 78.81 43.64 55.78 87.96 87.21
31.88 67.98 99.09 85.2 45.69 58.1 63.1 30.46 73.73
83.99 69.24 50.59 37.41 84.73 95.9 43.37 62.65 75.65
58.55 34.3 55.87 76.2 96.03 89.56 86.24 45.28 95.36
89.62 94.39 50.63 48.4 63.2 31.23 62.35 46.81 47.77
75.1 34.78 45.44 96.65 37.71 99.83 93.6 64.38 40.82
34.03 57.36 35.98 37.16 37.41 51.57 91.2 79.83 95.16
73.61 64.39 81.3 66.52 50.89 36.01 56.65 46.47 52.76
49.2 41.48 56.72 51.93 43.74 31.47 43.96 96.33 74.25
37.76 77.64 87.35 77.39 50.98 53.41 64.2 79.83 96.74
94.78 73.09 51.66 59.05 40.34 37.21 72.62 30.31 30.98
33.73 64.37 73.4 33.0 87.03 63.77 54.88 61.3 84.75
82.34 72.91 43.04 87.11 61.55 38.25 73.05 91.16 52.75
49.19 68.91 92.52 97.91 38.92 50.17 91.9 40.63 44.89
44.43 93.49 42.96 65.67 73.04 84.82 80.27 43.58 65.32
38.15 96.17 86.66 84.35 47.61 95.93 47.66 38.88 43.5
88.08 90.14 65.99 61.61 93.7 53.13 64.13 99.66 91.93
84.97 37.13 71.38 68.41 65.52 92.17 38.21 39.97 92.82
53.26 94.81 64.28 88.65 76.32 75.58 89.64 71.92 87.18
38.16 89.21 84.44 48.06 52.71 57.91 81.08 60.27 66.59
68.48 67.73 30.7 50.76 56.89 54.18 95.72 53.99 42.39
49.51 89.47 42.33 68.61 93.68 80.6 64.67 92.84 84.57
81.27 73.53 70.28 99.7 94.75 88.89 51.86 72.11 83.17
56.95 92.88 88.77 99.01 65.15 67.57 49.15 49.51 62.04
87.22 82.54 56.34 42.51 97.52 62.61 59.91 85.46 39.7
34.05 85.54 70.32 77.33 65.05 44.88 60.83 49.57 54.01
96.48 34.57 53.66 84.9 61.71 86.68 30.87 96.93 32.08
88.45 49.51 92.23 78.0 53.52 90.74 47.58 57.12 62.95
39.43 68.68 77.11 30.93 30.53 38.84 50.44 49.26 57.24
93.42 69.62 87.46 62.82 91.63 66.09 50.62 31.43 99.81
82.78 82.71 85.64 96.34 41.32 81.36 54.89 99.0 66.52
71.7 97.47 31.96 41.55 57.94 64.08 74.37 37.23 53.31
96.78 71.94 63.87 47.32 54.45 88.7 41.97 44.38 75.93
95.22 36.72 36.92 78.87 58.95 54.32 73.85 41.35 39.64
71.18 48.46 76.08 92.57 36.98 94.86 69.43 43.3 83.79
39.38 45.19 90.98 61.95 36.74 67.76 70.03 51.85 48.14
33.38 36.56 74.03 34.53 57.04 48.82 55.53 49.26 73.19
74.25 95.77 59.37 74.57 68.58 89.07 37.0 36.85 88.92
94.59 73.25 76.22 60.25 91.28 40.65 62.75 77.29 95.31
87.38 72.73 71.82 72.96 45.77 86.14 66.18 51.73 90.24
58.66 92.59 73.97 50.13 41.61 84.22 65.68 49.05 54.7
85.08 58.81 98.43 52.5 69.64 50.21 74.03 32.63 45.98
59.89 47.09 88.06 59.52 75.69 80.56 62.89 96.99 57.19
61.59 48.41 79.16 94.88 70.21 55.63 31.7 94.08 83.35
76.14 33.96 83.89 81.94 89.75 50.77 60.0 35.68 65.66
77.14 33.4 67.74 36.54 66.77 30.37 73.77 88.22 98.96
63.4 88.61 65.82 45.65 33.26 73.99 45.56 67.76 99.93
46.88 66.84 54.1 34.04 36.87 56.68 38.6 89.97 52.45
77.53 49.48 84.89 65.89 74.89 76.56 55.44 91.88 83.42
86.35 87.14 59.49 46.64 58.43 40.54 53.57 96.52 76.6
87.75 85.88 53.14 68.47 94.06 78.1 45.55 63.7 81.59
93.82 68.8 64.37 50.47 58.37 89.4 91.65 76.36 49.65
92.24 65.31 78.27 98.34 62.33 37.19 59.0 62.15 73.06
80.51 89.08 97.67 68.29 96.44 89.17 90.16 44.04 50.32
83.72 51.06 38.07 90.89 42.33 79.77 52.91 82.83 52.69
91.82 51.73 45.74 52.57 92.18 57.14 61.26 71.31 74.38
65.4 83.67 60.91 36.4 65.81 88.03 57.73 63.21 70.41
72.09 33.54 67.1 62.4 61.46 30.76 45.52 67.99 60.09
85.39 97.86 62.83 55.64 33.37 53.72 41.88 91.64 41.4
32.94 84.73 53.36 35.42 62.37 47.04 83.88 86.59 83.17
80.22 31.69 98.99 76.45 42.1 82.95 63.27 84.17 92.27
82.98 66.89 51.19 80.25 89.77 55.94 75.05 55.47 73.36
89.26 33.13 58.8 65.33 56.81 37.87 84.1 96.9 48.96
76.81 38.14 40.44 39.45 69.86 64.02 51.65 97.21 73.5
71.56 32.65 63.73 59.79 51.56 97.02 75.04 95.59 54.16
72.22 95.16 45.9 46.35 39.4 80.29 70.38 75.91 54.67
82.67 59.23 55.31 82.57 88.25 43.08 57.35 42.55 31.3
52.95 70.62 89.24 64.02 77.74 98.25 97.02 80.86 41.49
46.73 74.24 57.29 61.96 78.16 77.06 93.02 92.35 31.76
47.61 91.01 89.3 58.96 50.75 42.66 65.19 45.13 41.93
46.39 94.19 32.34 40.31 66.01 72.18 50.87 48.71 95.82
85.5 71.7 93.08 42.58 59.69 40.71 77.19 52.65 36.79
45.13 81.13 60.82 86.33 94.84 31.86 55.42 55.55 82.28
65.5 81.94 30.28 66.48 65.71 80.63 36.36 99.49 52.57
65.9 50.62 60.56 89.15 56.22 70.47 63.51 55.6 48.49
84.2 57.66 88.4 54.33 59.83 36.23 96.54 80.69 73.79
70.77 72.55 35.9 59.21 60.57 69.3 96.8 45.92 50.32
80.95 58.96 85.44 80.43 38.87 85.2 81.88 45.43 38.46
56.11 68.53 90.74 33.05 38.81 35.27 30.33 56.93 32.56
89.26 80.35 97.38 64.73 49.68 65.76 45.49 38.44 46.23
86.06 57.34 48.14 78.18 88.23 93.06 78.99 69.12 97.64
86.29 90.49 93.47 84.46 93.72 58.3 50.13 46.28 73.4
97.58 65.02 40.29 48.74 63.41 81.3 80.02 60.77 51.13
80.46 42.53 47.95 47.78 30.05 99.84 91.66 54.26 62.39
67.65 91.4 72.9 49.66 68.72 84.62 75.02 44.43 81.85
50.9 30.97 80.28 42.4 87.76 45.99 42.53 53.39 69.09
78.51 71.69 33.72 57.29 48.23 48.77 42.56 35.74 73.89
55.14 39.98 51.16 89.43 98.09 86.24 52.41 89.09 80.69
99.89 68.6 48.8 31.5 43.25 38.87 91.11 70.13 46.26
41.23 35.93 96.54 55.8 39.37 70.06 91.27 71.53 92.91
65.8 46.48 61.33 40.14 79.39 30.68 86.67 79.18 76.04
43.21 43.28 95.02 73.38 67.37 45.68 98.91 70.55 61.96
46.97 85.23 39.73 77.82 61.2 40.8 60.61 84.11 84.09
41.01 60.73 76.62 81.32 45.42 38.44 84.34 33.66 50.74
32.32 68.22 64.86 52.73 52.64 45.51 51.42 83.16 65.97
35.37 59.59 36.67 94.29 36.04 47.0 65.47 60.63 35.96
99.74 63.3 61.86 91.73 43.05 99.93 37.4 51.49 64.27
85.1 94.55 60.13 51.63 62.2 42.0 92.1 51.2 33.89
53.5 96.57 38.1 91.54 61.94 55.05 97.07 77.62 87.54
53.16 94.3 85.16 69.78 37.19 71.0 32.76 73.2 31.77
70.52 98.73 62.25 77.0 47.83 30.64 44.69 39.32 59.18
50.73 35.33 65.46 91.42 57.59 70.05 55.28 31.55 93.97
32.58 56.16 99.53 84.91 32.58 97.01 37.93 79.36 69.51
88.87 38.83 83.26 75.98 66.67 75.47 83.97 78.53 34.11
53.41 71.17 70.28 82.11 88.76 82.47 31.77 37.02 60.23
87.09 37.34 54.05 31.46 68.69 73.01 67.05 76.24 85.77
94.22 54.75 97.42 64.02 53.6 45.76 41.39 38.61 67.89
38.78 90.9 59.91 84.01 53.89 54.82 32.34 35.9 74.86
70.53 97.0 84.82 60.78 70.13 85.03 44.27 40.31 82.7
88.6 77.69 38.28 42.38 57.55 50.61 98.85 96.22 55.08
43.41 96.69 62.8 75.21 56.44 77.75 51.65 56.03 78.31
39.71 36.71 39.6 88.88 56.9 52.96 82.66 68.8 98.95
38.06 66.23 46.55 68.02 43.36 61.77 99.98 91.28 47.67
94.4 58.69 71.78 93.08 35.75 87.25 91.34 60.83 90.67
72.47 32.56 69.75 79.06 53.78 48.54 32.42 99.44 87.8
82.34 71.41 83.11 38.07 99.15 55.08 41.37 85.81 57.27
92.44 67.76 88.46 61.07 65.68 44.76 59.13 68.93 49.0
33.68 48.47 38.71 61.08 65.14 73.24 53.63 31.7 37.58
35.39 31.52 64.74 89.46 67.08 75.93 75.81 40.07 53.24
39.93 50.07 35.14 51.86 96.65 40.75 72.15 68.88 52.75
74.46 97.64 67.53 73.6 51.91 71.69 49.55 43.39 80.74
79.21 64.44 93.76 39.43 53.07 82.3 46.93 96.21 95.72
62.5 54.46 48.04 59.34 61.34 34.41 35.52 94.54 30.43
76.92 87.26 69.67 48.75 63.08 82.04 66.56 46.73 38.43
67.27 99.8 81.26 77.96 84.16 56.41 57.31 97.26 89.01
99.44 39.17 55.49 81.74 60.94 77.86 79.75 86.84 90.49
84.72 46.49 85.28 47.18 94.52 39.87 63.61 91.78 96.17
99.44 35.38 45.5 42.5 77.88 99.47 75.18 40.54 51.44
78.16 78.05 70.68 33.09 50.88 72.6 31.0 30.75 33.5
70.91 49.51 96.17 79.16 97.34 43.26 92.67 53.76 96.35
73.4 89.15 67.22 38.43 98.3 66.93 30.42 85.21 33.13
91.91 59.86 67.58 52.25 92.62 63.34 70.65 36.71 50.45
80.17 51.08 83.43 64.1 65.59 63.91 94.28 76.69 91.84
70.17 95.62 95.72 98.73 84.81 86.47 43.82 35.74 82.66
78.76 64.87 36.97 96.49 93.97 58.17 43.77 46.58 40.65
41.63 52.85 81.43 52.34 33.77 63.47 72.66 43.25 53.7
75.93 64.49 84.25 78.07 80.62 74.33 99.77 66.61 34.76
86.31 70.31 50.97 50.4 36.3 51.7 62.69 34.39 54.6
73.89 68.38 41.8 77.59 43.36 56.42 61.32 55.24 81.72
60.39 66.44 93.82 77.18 62.58 40.08 37.57 78.95 61.39
98.21 39.87 85.82 48.65 98.08 79.51 71.0 69.15 75.39
98.73 41.36 43.34 52.8 81.75 75.6 41.23 34.31 56.97
59.44 98.92 67.97 77.32 63.63 79.34 38.78 42.46 73.63
84.89 39.41 99.77 30.88 98.96 84.71 94.3 84.57 82.2
93.45 90.41 32.96 35.07 60.41 96.43 34.51 49.52 94.8
43.28 37.44 98.58 67.98 89.74 52.08 63.77 95.44 94.13
49.23 72.17 49.59 49.17 64.16 35.54 32.14 67.61 78.58
79.83 34.6 41.35 60.45 90.0 78.77 35.37 33.07 90.16
73.7 37.19 46.63 51.12 61.94 50.33 69.9 64.89 62.04
68.44 80.26 53.98 78.51 56.87 79.78 55.27 78.2 39.23
49.73 40.39 75.09 66.38 70.98 95.32 36.31 79.12 56.93
61.04 79.4 64.63 38.9 61.86 53.21 40.15 37.5 81.73
98.97 48.93 91.88 83.65 65.33 62.24 94.01 88.74 45.33
95.58 46.91 35.84 84.16 61.49 30.73 76.68 88.47 68.64
62.2 53.22 73.17 40.29 34.56 54.27 68.65 68.31 76.1
32.52 63.35 66.01 32.17 78.99 35.77 41.67 97.51 94.48
32.11 65.58 55.49 84.36 63.34 98.44 30.78 41.43 90.72
79.42 56.88 91.7 86.62 64.34 90.07 44.24 55.63 35.51
45.98 89.21 62.43 63.99 82.92 57.59 46.24 46.56 53.82
54.96 54.64 87.94 91.06 68.49 82.47 35.19 99.18 44.39
30.52 75.23 88.74 88.58 48.29 83.41 82.83 79.94 57.7
80.63 69.95 43.27 74.18 54.82 68.0 64.76 55.34 68.51
55.77 32.09 46.39 50.8 35.81 33.83 70.73 37.04 96.22
33.82 57.79 91.95 95.5 94.01 87.13 78.03 34.91 71.9
98.19 39.06 83.32 83.28 50.79 33.75 43.79 81.7 94.75
43.11 79.4 93.59 74.89 37.3 45.5 70.53 95.76 58.21
96.98 73.63 34.16 96.21 84.1 74.22 96.9 69.71 61.55
32.54 72.93 82.0 70.66 30.53 92.59 57.3 77.47 76.74
67.94 78.78 52.64 59.91 69.75 56.02 88.69 37.78 47.91
39.02 56.58 52.24 46.68 64.29 70.5 64.86 89.22 80.37
37.04 63.36 72.54 50.26 88.37 50.53 42.0 52.04 84.61
92.46 88.94 57.22 38.16 46.46 86.07 58.0 31.25 78.65
42.37 47.79 45.6 49.85 96.12 86.47 83.97 54.25 80.88
83.76 47.69 62.38 64.21 52.74 75.1 55.38 78.79 31.82
33.61 99.74 78.99 85.35 70.97 68.41 80.07 59.22 32.57
42.48 94.2 94.97 60.64 88.94 62.47 48.41 68.18 38.7
39.3 71.64 58.51 85.98 85.57 32.1 95.85 67.63 34.32
48.36 75.11 59.18 35.83 49.89 48.02 32.65 96.45 44.24
34.85 42.36 61.86 67.27 86.75 78.74 94.92 83.9 63.92
98.36 92.13 81.83 81.79 96.62 53.0 44.42 37.11 44.09
55.39 36.78 53.91 33.14 63.58 74.57 62.39 71.28 89.99
33.47 52.73 60.89 80.65 44.07 61.67 98.84 43.69 68.71
83.74 73.67 93.57 49.16 54.29 66.61 98.15 87.35 62.11
50.28 67.09 88.32 76.83 82.8 58.22 82.74 58.1 68.73
83.53 82.93 79.23 69.51 98.29 40.78 83.56 83.06 55.55
45.81 72.44 68.18 53.55 94.15 79.5 90.17 58.03 31.79
52.33 32.1 80.64 52.68 55.05 42.18 77.24 69.72 47.26
64.23 70.48 41.68 83.25 81.71 76.29 97.47 30.56 64.21
38.25 68.11 63.78 85.03 30.15 46.05 30.47 66.79 62.6
33.42 42.98 56.74 70.92 50.07 95.3 68.67 60.41 78.48
73.95 31.48 55.83 42.69 59.97 67.37 84.95 79.15 34.63
79.47 31.61 31.58 75.13 44.74 43.84 36.02 80.59 73.9
54.85 79.32 86.8 40.42 62.22 37.98 97.52 57.26 37.05
97.36 96.25 82.6 52.42 51.16 39.47 84.17 95.38 41.43
66.98 43.86 53.93 76.45 31.97 58.92 94.52 33.07 56.58
91.68 79.7 53.7 85.26 64.1 64.7 89.29 84.83 88.04
30.32 56.26 50.0 64.66 31.57 48.45 80.45 39.37 61.44
88.82 87.02 45.53 47.43 34.81 62.52 68.59 97.42 49.1
86.29 90.28 62.25 89.15 92.58 78.72 31.01 63.27 74.49
60.06 71.25 57.46 60.12 60.67 57.2 33.88 54.98 92.19
56.2 66.95 41.3 84.49 95.03 51.73 98.76 32.46 96.92
97.64 33.85 62.36 97.71 72.09 65.12 66.48 61.34 52.89
94.24 47.08 91.95 72.98 61.95 31.09 50.61 66.54 52.37
34.96 87.03 84.6 81.52 92.65 47.15 86.22 81.24 76.88
65.65 40.87 34.88 57.48 82.28 46.97 66.21 70.33 97.15
57.3 36.3 53.0 68.04 42.52 94.27 84.87 74.22 71.47
60.6 68.8 75.81 37.79 87.87 78.31 64.57 63.02 47.29
74.4 44.13 66.57 85.27 35.57 50.91 44.21 76.38 57.88
43.95 47.27 91.2 86.09 60.65 65.28 80.96 90.14 58.04
55.1 34.69 83.01 57.97 81.67 69.0 54.05 93.92 94.29
36.28 57.89 30.43 83.56 87.43 88.87 95.09 89.59 87.71
30.52 42.61 62.32 79.48 36.88 31.17 58.76 63.18 58.5
38.66 96.8 46.75 69.04 78.87 89.8 40.17 55.23 44.73
91.4 67.98 95.98 35.65 85.04 98.94 77.58 52.22 97.86
83.88 84.29 69.13 81.16 81.48 31.79 57.14 46.45 85.97
64.12 62.95 36.68 88.11 88.04 78.74 70.25 38.08 67.97
72.53 45.32 49.7 84.37 52.14 31.7 34.09 35.0 96.07
81.63 31.24 68.82 67.87 41.04 69.11 63.04 59.94 83.14
74.61 51.77 37.42 65.51 68.15 68.76 38.79 47.83 97.6
56.3 65.66 79.79 36.16 85.93 93.63 35.87 67.52 72.06
63.87 51.69 70.08 97.32 77.8 69.12 70.81 89.79 37.09
62.05 67.6 72.25 37.38 80.58 36.02 79.62 99.07 32.3
55.45 63.49 55.89 66.93 70.01 41.19 34.12 99.57 47.54
83.06 66.57 52.48 64.37 31.54 83.9 72.01 92.62 89.17
69.18 64.52 56.16 98.86 73.16 59.7 30.02 39.94 97.85
57.57 43.88 37.93 60.99 49.35 61.31 31.53 55.33 67.32
43.28 44.89 57.73 82.83 50.16 87.75 30.94 91.35 58.26
56.83 88.99 72.69 74.26 62.4 98.44 37.13 45.11 37.42
64.4 32.9 50.09 56.19 80.34 74.15 96.18 95.46 76.69
37.81 58.33 80.56 34.95 38.07 89.93 90.72 44.51 53.46
92.9 80.99 44.19 73.58 46.77 59.09 38.98 49.27 47.95
36.95 82.51 32.48 62.18 92.95 94.25 36.49 36.5 62.2
45.72 73.32 97.65 72.09 31.07 48.52 96.96 47.54 79.39
71.54 98.77 95.3 77.98 47.86 79.12 89.79 83.71 90.0
53.79 86.85 48.37 64.32 46.98 92.98 44.71 94.88 98.65
93.94 95.5 76.54 75.86 72.09 55.53 44.41 45.5 35.92
88.75 62.99 96.93 56.13 30.89 56.95 54.55 51.64 88.69
92.13 83.61 31.26 82.14 95.26 52.15 93.42 56.14 71.67
85.34 48.79 88.33 50.77 74.55 69.34 88.11 59.34 39.61
94.25 82.28 87.81 82.33 59.08 92.11 44.42 43.11 59.42
61.4 31.93 92.9 69.95 57.7 38.78 69.84 75.12 65.41
56.48 87.28 67.16 67.95 81.25 65.47 62.61 36.91 34.34
41.96 90.16 71.07 80.85 36.81 72.89 76.36 36.46 34.49
52.19 94.58 85.6 64.16 38.36 68.8 56.45 42.41 94.87
75.53 32.23 54.15 88.65 92.93 37.38 32.05 74.63 71.52
47.25 78.88 34.43 67.52 93.75 30.57 48.11 45.45 34.69
47.59 76.64 35.64 93.07 60.52 30.66 94.01 46.8 41.26
93.08 76.58 43.16 93.9 93.59 59.51 78.5 46.71 69.04
95.42 77.76 54.6 72.82 62.79 48.34 95.63 35.55 38.74
36.5 99.42 31.22 70.17 93.73 51.69 69.57 72.24 86.04
98.37 43.79 32.74 77.65 92.2 51.83 41.25 58.76 44.71
77.29 77.81 99.36 78.0 70.87 51.5 64.03 49.84 40.1
50.89 99.76 54.24 84.1 89.37 91.58 85.23 65.05 34.68
64.73 60.47 69.12 35.68 33.97 53.24 83.08 87.88 45.44
57.6 80.92 67.01 36.71 38.35 56.27 78.91 36.26 77.82
79.91 98.72 99.27 60.56 41.21 49.57 71.59 61.05 70.41
97.95 49.51 40.97 43.65 88.77 41.05 94.04 84.13 97.34
42.36 32.52 35.94 31.94 75.65 56.85 73.1 98.56 45.22
70.89 68.6 61.93 32.94 96.32 34.09 89.91 93.05 66.19
36.03 81.36 30.01 76.63 61.58 90.14 30.09 47.79 88.25
74.45 39.77 42.97 43.32 68.92 42.95 86.79 58.63 72.3
99.82 48.55 98.33 74.48 40.02 69.33 43.53 87.31 64.06
70.44 78.74 96.97 71.54 40.22 90.75 75.75 66.36 84.07
35.71 85.1 58.03 90.29 79.39 85.51 85.39 51.94 62.74
63.14 99.26 86.17 98.33 49.88 42.04 56.72 61.61 73.0
74.13 56.32 76.6 64.57 35.85 60.41 59.66 57.31 89.95
91.63 76.77 70.15 91.22 90.57 45.67 69.0 68.1 44.4
39.19 69.89 86.15 88.98 60.21 41.37 68.85 82.26 50.73
56.34 40.87 41.39 94.27 52.18 44.85 69.74 94.48 82.56
90.62 56.63 87.73 88.62 59.13 56.44 30.02 84.58 50.5
64.15 68.67 63.3 51.95 51.85 43.93 54.06 69.32 43.97
90.09 31.21 79.36 55.49 51.69 76.65 83.04 90.14 65.17
74.41 78.93 63.34 56.53 35.82 80.92 66.3 67.59 39.97
30.03 91.91 38.4 80.08 85.05 87.96 58.26 54.08 65.76
87.88 34.25 98.09 94.59 95.92 76.86 65.83 46.61 77.96
61.23 51.84 88.83 35.5 79.13 96.51 67.23 61.89 65.0
95.55 59.68 50.96 95.43 45.23 55.95 88.68 59.7 52.99
39.1 45.41 60.04 96.12 56.32 52.04 91.92 53.19 37.93
51.02 47.75 44.35 92.17 84.97 33.71 82.21 48.04 38.44
99.5 58.48 42.86 33.09 34.64 94.81 57.74 51.86 66.66
83.02 79.49 48.64 71.56 97.12 65.09 53.02 84.32 41.43
93.37 49.97 46.66 90.38 89.15 68.96 84.37 53.41 61.4
33.4 65.67 36.6 48.29 54.16 39.54 59.37 71.7 89.96
57.53 97.8 63.12 97.6 83.8 65.3 66.22 37.07 42.86
62.21 75.52 35.99 96.16 38.12 70.28 41.35 62.33 41.11
49.11 63.66 97.68 74.07 82.47 56.23 34.03 98.45 50.12
41.21 60.86 41.11 79.89 44.07 76.75 31.33 94.04 69.03
59.38 41.57 90.03 38.0 57.73 30.8 83.34 95.68 55.15
92.48 58.53 49.55 73.79 45.29 33.51 89.54 96.65 77.06
37.58 95.66 97.96 32.98 74.8 75.09 67.98 38.05 77.89
44.46 30.43 75.51 82.4 94.78 42.01 81.28 77.95 49.67
56.86 47.62 51.53 91.39 60.09 81.11 59.68 57.14 72.65
67.11 71.46 98.93 30.36 59.48 39.28 75.71 99.48 43.62
35.96 33.45 93.22 83.6 35.43 60.58 89.62 83.55 60.4
96.3 37.21 48.66 30.54 57.12 48.5 70.08 97.87 68.36
30.53 55.32 90.35 88.48 43.5 66.11 51.69 32.37 66.56
47.15 64.99 95.16 30.96 76.71 62.85 38.38 33.57 91.62
78.76 70.89 67.74 40.69 44.9 75.16 60.47 42.04 77.33
96.44 45.01 59.6 50.93 46.07 69.76 88.63 47.66 40.51
52.45 85.53 66.18 31.38 45.75 72.52 97.79 76.84 93.61
30.54 66.23 68.56 88.79 72.88 52.73 61.46 51.7 46.04
74.32 50.52 43.07 60.69 71.22 37.18 58.42 79.52 88.46
82.7 88.65 86.91 70.46 34.31 50.7 97.36 51.8 95.56
70.05 37.2 83.71 85.53 62.42 60.19 87.92 41.82 41.15
64.54 57.97 57.49 76.0 39.27 85.25 40.65 81.29 48.68
80.44 99.16 74.44 98.64 67.01 56.35 57.23 39.65 33.26
41.13 84.47 71.3 71.74 78.03 45.63 65.99 73.2 47.05
57.85 49.9 97.28 47.87 87.66 34.7 79.28 59.02 70.46
82.63 34.65 89.86 56.25 42.4 38.74 44.2 65.69 75.19
85.41 59.11 45.52 94.26 75.42 84.9 47.21 76.62 71.24
62.28 97.77 44.53 36.12 83.27 87.46 91.3 53.68 84.69
62.55 61.31 74.31 98.63 96.95 75.71 48.24 69.96 48.02
69.13 76.54 54.91 55.79 32.04 46.56 94.34 78.38 85.33
62.98 65.3 59.15 84.32 60.01 63.35 60.22 95.41 40.98
62.77 61.38 52.51 34.09 38.38 89.37 31.0 80.57 61.06
90.73 74.53 54.24 59.96 88.37 52.82 46.29 54.89 43.61
57.64 65.35 84.98 50.38 53.62 40.95 85.16 58.91 53.96
99.47 61.21 31.2 77.48 50.06 71.8 79.86 31.0 50.83
33.86 68.21 34.8 30.46 62.78 85.74 75.7 64.2 41.49
98.53 32.92 62.03 49.62 60.89 83.85 64.81 60.98 89.56
48.34 83.37 60.24 89.14 34.88 56.37 49.5 97.27 50.84
95.11 30.31 51.94 36.68 30.37 92.94 96.55 34.94 68.21
73.8 85.25 77.88 61.26 41.52 84.51 69.51 68.79 70.29
92.58 54.11 50.22 89.06 76.02 51.27 87.42 37.9 71.88
98.98 80.19 39.3 66.97 46.43 46.83 95.53 86.43 34.94
91.43 57.99 83.53 76.19 45.44 77.96 98.41 97.83 88.67
47.72 62.03 83.19 91.62 36.55 71.57 43.42 66.34 86.33
79.71 54.55 66.57 62.65 87.45 33.29 96.11 83.33 48.99
38.32 36.51 73.77 87.18 54.81 50.48 84.92 66.94 71.76
47.65 73.81 52.2 85.58 41.6 94.14 58.63 71.88 37.66
98.66 39.16 82.23 69.28 35.16 56.42 35.44 76.46 86.49
64.61 80.44 78.57 61.66 42.24 44.99 91.57 33.56 73.84
89.8 52.57 76.43 71.25 34.33 47.26 52.15 51.29 79.41
34.07 94.49 61.02 69.78 46.04 81.18 53.8 72.94 83.81
44.25 56.94 95.94 91.95 67.42 45.23 82.66 88.7 63.17
96.88 69.72 92.27 77.06 84.85 52.47 42.98 68.43 92.25
69.78 30.79 74.91 35.89 88.22 39.09 89.44 85.28 80.91
81.07 77.67 38.62 84.29 32.95 66.48 73.18 32.09 89.08
98.17 92.93 80.58 80.99 92.43 54.04 65.12 53.88 87.92
79.37 67.68 88.21 30.93 45.21 62.72 51.94 47.89 32.13
45.37 85.25 66.38 61.78 88.38 85.59 33.84 60.25 66.1
98.29 32.42 74.37 94.74 37.01 79.71 48.31 93.21 41.55
31.62 43.67 74.23 81.0 88.87 55.11 81.19 60.61 74.44
87.5 90.92 64.55 95.14 94.68 86.51 55.38 76.71 38.56
69.71 59.01 91.67 95.32 43.37 55.98 56.15 79.01 93.13
31.7 87.96 46.22 67.22 95.67 31.54 43.93 76.14 60.84
36.48 69.82 92.87 58.86 41.18 39.24 90.49 87.83 51.09
73.47 53.72 43.59 98.02 93.05 87.66 98.71 90.06 70.04
47.14 31.22 37.88 70.34 41.81 90.75 91.34 73.57 63.63
42.04 75.31 93.55 61.23 84.59 60.89 76.6 76.35 32.2
90.93 55.58 51.4 75.86 99.25 32.5 52.61 57.14 84.01
53.04 54.31 80.79 95.91 87.29 69.14 76.5 68.48 44.8
52.19 71.08 52.96 94.01 68.47 86.61 63.91 31.36 36.08
76.17 93.38 80.01 59.92 79.24 53.94 63.11 31.12 59.37
84.49 98.79 74.0 40.7 52.19 63.45 40.99 64.71 31.1
35.72 48.92 75.39 45.46 46.29 55.53 68.38 46.24 61.11
97.25 82.64 86.85 70.67 53.56 59.8 56.36 60.5 68.45
83.64 52.99 55.74 76.08 72.39 68.04 78.25 77.14 71.62
51.5 82.04 80.59 77.11 65.91 42.87 57.59 43.58 47.14
46.85 83.32 54.29 86.89 34.92 36.69 95.18 57.81 76.52
53.34 50.46 49.84 79.87 43.04 38.87 34.31 79.93 40.8
38.96 73.2 69.35 55.52 85.94 97.28 97.02 70.99 83.05
69.1 46.94 77.32 51.22 41.55 87.7 60.61 58.56 43.35
78.51 65.37 96.46 88.15 74.24 36.5 84.5 45.28 72.06
90.05 93.32 56.11 85.41 34.12 54.98 94.14 57.42 36.14
35.68 34.87 66.84 78.94 80.94 95.59 72.97 73.08 79.59
62.69 39.9 53.19 75.7 36.16 50.25 99.27 63.88 79.49
59.78 61.0 72.49 75.05 61.27 79.49 92.06 47.72 42.15
72.95 93.01 86.96 46.48 50.74 78.75 92.39 86.27 43.22
73.82 66.87 51.09 55.76 33.07 44.73 52.61 54.99 33.15
31.8 72.79 80.88 50.54 72.59 60.48 94.12 82.39 41.16
81.04 97.72 80.0 32.1 91.32 41.57 91.38 66.93 52.51
42.88 86.11 30.11 50.86 90.89 61.26 91.6 30.48 90.45
73.37 55.58 93.52 85.73 30.5 63.17 73.23 81.42 72.2
42.61 30.89 88.08 73.87 98.73 77.87 52.16 44.47 70.79
71.06 83.46 44.49 90.99 98.06 87.8 48.12 99.1 52.94
92.61 68.94 66.03 90.85 99.23 90.15 85.33 56.72 48.61
31.16 38.16 57.96 79.42 40.86 62.22 31.43 58.33 94.93
71.57 50.42 41.31 93.47 80.32 38.04 35.93 76.24 71.07
42.75 80.97 87.42 57.62 81.41 77.92 39.65 30.31 67.15
78.86 53.28 97.4 83.81 51.66 59.69 63.02 30.81 37.37
66.46 56.88 47.18 47.62 77.46 75.73 64.14 66.29 69.53
99.21 38.22 30.3 80.52 52.64 54.66 52.57 96.71 43.17
66.65 35.38 34.97 92.51 50.48 71.91 96.41 45.06 60.31
36.11 36.95 89.11 44.16 58.88 86.31 56.86 73.93 54.37
56.79 63.54 94.97 93.97 97.27 74.1 58.2 58.24 49.55
79.23 75.01 65.67 86.23 62.69 84.11 65.01 49.71 87.94
97.64 62.7 93.04 74.38 92.43 58.92 58.16 48.75 92.63
97.88 87.77 58.2 66.64 60.23 65.76 63.3 56.74 67.58
90.44 41.93 35.81 34.95 30.88 52.73 55.62 65.98 41.05
96.07 49.8 59.13 53.97 46.41 36.1 68.25 66.54 56.78
64.56 32.71 39.49 71.71 79.15 72.83 66.09 44.39 79.78
81.03 75.5 43.47 71.34 31.6 41.34 35.1 66.64 48.79
48.37 30.12 34.68 80.51 61.44 30.13 31.6 60.89 46.59
33.84 42.52 94.82 71.9 48.48 80.07 89.93 35.24 32.08
49.25 89.95 89.05 59.16 34.66 93.41 67.99 40.67 84.51
53.02 40.82 34.69 69.97 38.69 63.05 76.03 38.31 34.36
62.62 34.43 66.79 87.37 75.86 66.19 87.66 60.82 96.72
35.53 74.67 47.68 73.7 67.92 50.26 68.16 38.71 98.57
98.13 62.51 71.66 99.04 99.15 30.8 50.49 67.54 72.1
94.84 41.81 89.72 77.15 46.36 73.56 46.53 77.12 40.18
53.58 35.23 73.18 66.57 89.99 58.32 71.17 58.16 79.81
45.97 65.41 62.66 38.51 89.17 85.48 59.15 68.35 33.29
41.7 67.93 58.53 56.37 93.59 85.47 48.49 72.14 58.84
44.73 99.0 95.19 94.91 31.48 74.57 64.49 84.82 91.96
58.67 92.73 76.64 85.37 67.38 34.23 99.52 82.1 67.47
74.05 73.77 82.12 80.24 57.89 69.22 78.76 44.99 81.7
63.23 90.88 37.35 46.01 96.32 84.02 30.61 73.92 84.6
31.7 94.46 76.9 42.49 50.97 40.89 47.62 89.26 51.75
44.0 48.12 84.75 60.29 91.88 34.91 56.24 79.86 53.09
30.4 89.33 38.57 92.98 30.06 89.28 69.16 99.01 82.44
96.71 43.36 50.74 32.62 87.47 56.54 76.18 38.45 73.41
83.07 65.68 72.65 45.91 88.88 81.66 81.61 30.25 43.28
52.43 96.46 97.11 82.84 34.86 78.88 77.33 82.18 46.96
32.08 41.25 64.36 42.79 53.75 55.44 87.88 46.75 35.15
65.46 51.42 47.09 51.81 77.26 57.99 83.92 58.6 90.71
55.93 88.77 88.84 82.34 32.1 65.93 94.55 66.16 68.54
85.67 67.31 86.49 35.03 54.91 90.0 72.26 51.7 30.88
40.63 32.97 87.93 66.26 86.29 40.14 76.09 63.11 71.59
49.46 40.69 62.08 50.38 82.83 66.67 94.66 65.6 38.25
36.41 64.74 35.76 37.15 43.12 90.39 56.8 40.7 88.69
93.03 69.39 80.58 32.87 55.87 34.04 42.54 64.59 84.68
78.45 72.27 84.23 30.46 72.28 35.02 36.47 82.44 68.48
95.43 96.58 41.53 48.12 39.9 77.73 51.47 58.8 76.08
78.06 74.97 32.51 48.57 58.15 47.26 82.92 74.44 34.37
87.74 78.94 50.26 96.97 37.45 82.25 47.38 48.55 79.65
43.77 66.26 54.91 69.77 57.26 91.11 54.06 36.61 40.88
98.25 99.11 61.7 35.11 73.58 86.35 30.23 63.55 37.91
30.2 86.63 66.58 41.36 42.43 54.97 99.05 65.38 55.35
80.66 99.9 93.38 98.83 86.52 46.85 44.72 88.46 93.29
38.81 50.15 55.13 53.36 45.31 85.77 91.36 89.79 52.14
36.74 63.63 90.03 37.68 88.33 71.39 83.14 30.26 40.32
83.8 57.3 43.78 70.29 31.55 71.01 39.98 30.9 87.89
54.97 69.42 44.55 45.0 52.73 43.77 76.04 85.44 51.61
50.86 78.28 72.19 98.46 42.16 68.44 91.0 67.29 36.83
47.44 45.69 40.09 94.26 69.1 80.29 80.45 83.58 86.82
80.38 65.49 77.19 71.45 51.52 51.78 34.95 33.6 39.79
35.36 77.71 86.71 40.33 95.66 34.16 39.19 52.92 42.82
68.44 66.14 82.0 95.59 40.96 64.67 45.82 55.23 64.68
63.38 80.8 95.76 97.15 95.2 44.18 52.1 66.83 98.27
52.2 39.95 32.29 89.31 49.22 32.85 78.49 75.36 36.65
88.91 42.72 45.35 47.21 99.77 51.81 93.77 46.08 71.84
39.26 36.1 68.76 83.12 86.09 31.64 45.62 48.54 47.95
35.91 93.54 66.82 38.2 33.97 87.06 64.63 89.36 47.3
84.64 69.52 39.72 75.66 90.84 82.14 60.94 34.04 98.63
97.3 87.79 89.66 87.59 97.01 78.55 34.47 57.01 31.69
60.12 45.72 86.09 40.67 70.63 30.83 64.67 54.01 93.92
87.33 50.7 81.03 63.41 71.58 69.5 70.3 99.95 64.04
30.07 34.39 59.56 83.91 90.03 82.44 92.33 35.74 72.38
37.05 36.95 71.62 38.52 54.97 96.58 60.4 95.25 81.78
36.2 87.54 51.45 55.67 47.48 86.08 63.46 40.98 94.3
57.24 67.67 59.31 33.62 68.47 66.99 61.41 49.99 73.98
38.12 75.22 33.07 46.15 37.12 70.25 40.33 34.38 67.94
92.09 96.73 97.46 33.89 76.75 39.71 45.33 91.24 75.22
97.67 72.79 35.0 43.13 91.89 51.68 79.98 86.61 83.5
35.05 47.48 74.0 70.63 40.72 69.97 80.68 72.69 43.61
75.97 55.13 39.44 72.55 99.92 55.58 73.63 62.61 92.49
72.05 47.59 42.08 96.36 45.59 35.06 93.43 50.52 52.81
53.46 63.63 30.86 97.42 64.02 85.24 86.36 77.51 91.8
36.89 78.24 57.59 69.64 78.38 59.17 38.72 94.12 59.94
82.96 52.04 63.59 87.49 66.06 89.9 81.37 35.2 82.26
51.35 82.29 42.99 87.65 32.67 65.27 73.84 65.45 50.96
58.79 87.66 77.35 37.28 63.81 57.7 55.78 84.66 90.64
49.7 30.14 89.19 57.44 64.35 47.51 63.51 39.17 63.45
72.26 82.89 98.9 76.25 58.22 62.91 77.97 36.69 86.3
42.83 98.27 79.46 36.17 50.92 99.02 79.47 57.62 42.12
41.44 68.19 39.39 30.12 56.48 90.83 37.17 55.13 49.21
48.16 40.73 97.78 48.08 95.1 80.05 54.9 78.09 83.92
56.1 40.76 56.49 42.71 60.44 96.43 49.56 94.86 84.21
87.05 67.55 32.38 90.69 68.23 43.02 87.07 91.3 53.78
76.71 84.34 39.45 41.56 66.04 38.49 88.94 83.4 55.03
87.96 38.81 95.31 95.07 91.89 76.75 41.53 35.79 57.02
95.41 41.22 43.49 97.75 74.27 83.92 32.61 38.24 85.39
92.84 99.93 85.61 82.8 47.53 74.09 31.4 82.25 41.91
59.21 87.48 52.71 71.2 35.39 65.13 93.56 41.54 90.97
95.38 58.39 95.25 31.02 43.49 40.21 50.06 31.0 72.87
98.62 64.96 35.37 42.76 73.84 74.88 58.96 58.07 85.15
97.67 36.46 37.14 73.23 62.42 30.16 63.54 31.72 53.56
34.72 62.94 68.24 37.55 34.22 36.52 61.02 65.14 80.83
60.09 54.68 39.81 31.92 67.25 71.01 40.83 40.44 71.27
44.63 61.51 86.25 94.9 50.16 69.4 60.66 59.88 97.85
54.25 91.67 82.83 97.39 75.46 35.62 58.0 72.14 76.86
56.73 62.88 53.09 89.97 51.91 49.62 92.4 42.68 88.14
98.48 46.89 67.27 61.04 83.99 80.16 75.66 75.69 98.77
96.04 48.37 35.67 73.54 43.26 36.7 73.55 96.09 41.59
81.41 35.27 42.98 51.27 38.02 81.54 75.01 83.97 64.86
95.8 76.59 57.79 99.33 73.56 60.75 45.24 58.12 96.1
66.3 70.97 41.68 66.24 65.29 67.69 31.3 53.43 64.89
79.17 41.77 90.34 54.13 96.48 90.31 67.69 67.13 93.89
49.32 68.58 44.92 76.84 43.78 59.03 66.62 41.61 55.13
51.09 56.62 72.68 95.33 90.23 99.05 92.53 71.1 51.81
74.9 53.6 56.2 40.48 75.42 62.49 94.48 84.18 74.28
59.59 91.91 38.73 87.72 58.83 30.54 74.18 67.34 94.72
43.22 84.61 43.77 30.7 75.53 66.68 33.01 60.77 89.59
80.1 71.45 71.9 35.85 96.45 31.27 49.28 33.05 48.05
36.75 54.27 79.89 71.35 78.28 43.07 73.18 47.56 35.47
87.84 74.5 52.33 97.52 66.35 41.03 78.66 94.83 63.6
41.35 47.29 35.06 49.27 78.98 32.23 60.95 76.11 35.13
54.69 74.6 68.03 32.65 99.21 39.18 76.05 39.48 52.09
45.68 94.35 36.53 54.25 30.83 39.45 45.01 56.42 83.49
74.75 84.78 33.51 34.93 89.69 52.34 42.76 78.67 85.81
86.22 56.57 86.83 98.3 46.18 88.61 83.18 38.58 80.37
41.85 62.26 95.04 87.14 80.86 82.55 55.64 68.62 34.06
46.5 67.35 45.55 59.65 43.2 55.62 81.64 93.12 45.09
42.45 41.19 43.61 75.48 84.36 54.59 98.73 73.93 85.94
83.72 72.57 53.85 38.14 83.55 44.6 91.21 41.59 54.07
94.16 34.05 35.66 80.72 30.02 86.12 40.82 62.81 87.66
66.04 96.86 53.49 82.83 82.29 61.19 42.11 35.78 63.69
85.78 94.65 72.73 81.77 40.6 87.68 79.84 81.28 74.52
72.11 78.04 64.34 42.92 65.26 50.61 38.49 90.44 97.44
87.57 51.67 66.46 44.87 47.0 35.26 91.19 94.99 34.93
98.29 42.19 48.28 80.43 70.9 40.23 33.21 68.9 78.89
58.82 52.54 77.82 66.1 46.09 41.95 72.08 88.56 96.22
55.59 82.03 82.24 93.02 70.31 54.77 94.85 81.43 34.01
75.91 91.21 67.75 54.98 50.2 64.09 59.81 68.14 84.16
86.57 50.31 40.03 58.77 78.21 43.89 53.06 59.78 38.78
38.69 67.03 83.03 53.25 44.23 81.6 91.06 99.67 99.15
82.53 89.96 76.71 63.31 63.8 53.88 69.79 98.19 69.22
51.26 85.62 67.2 79.03 77.07 37.96 90.89 30.77 68.42
50.45 66.16 36.32 75.92 58.31 36.69 95.78 37.69 48.8
79.26 42.8 54.35 34.59 82.42 72.01 93.91 84.41 68.06
74.22 81.17 61.53 51.26 81.43 44.79 60.57 63.86 72.99
40.7 47.24 50.18 73.49 93.55 62.95 68.65 74.92 35.0
37.93 95.88 78.51 73.64 90.56 55.54 70.55 64.45 88.21
31.75 53.46 62.75 87.93 90.8 34.28 40.11 54.36 55.27
96.72 79.13 79.55 32.59 48.73 68.99 74.98 91.18 82.9
92.73 73.35 88.15 51.16 92.03 55.84 77.67 86.51 34.19
62.61 54.1 33.44 71.46 91.85 42.65 90.73 36.24 33.12
39.59 65.57 70.1 32.74 47.48 38.81 58.44 75.27 64.71
86.15 37.51 46.32 84.23 60.54 76.83 53.69 31.26 67.04
49.32 31.08 70.93 59.81 67.42 39.28 59.75 82.68 39.05
37.21 60.09 46.16 59.66 39.6 89.3 30.19 83.86 73.66
50.93 56.37 92.25 34.73 67.06 37.89 83.11 87.0 86.01
33.22 67.04 71.19 49.91 38.39 54.61 73.51 41.58 36.91
79.89 45.03 48.77 50.79 45.43 66.3 81.54 48.99 71.29
97.28 84.6 47.57 48.59 53.86 37.6 85.09 96.86 72.36
65.5 82.75 56.94 44.38 56.2 87.48 47.94 82.59 42.65
77.1 37.96 98.72 66.23 70.32 73.84 42.86 75.29 69.92
65.13 95.8 67.82 49.94 67.65 54.32 97.88 92.33 55.98
57.95 93.89 55.82 70.82 68.83 65.98 54.28 78.53 73.22
32.46 79.94 56.59 48.63 61.87 46.17 51.27 61.95 54.22
89.72 77.42 63.66 49.58 38.51 55.2 49.2 43.48 88.13
31.36 59.78 79.53 60.9 74.38 89.67 59.7 83.98 38.06
62.56 39.6 46.64 74.09 66.36 53.3 49.21 39.23 73.62
72.72 94.52 39.23 86.45 66.13 88.3 53.81 73.98 72.91
74.85 36.95 47.14 42.92 80.75 94.68 30.64 86.69 46.83
44.54 51.38 81.16 49.48 75.06 33.63 95.82 57.3 31.58
59.59 72.51 79.47 47.49 69.34 75.21 79.55 92.02 37.46
34.56 58.58 72.38 52.65 44.07 99.04 79.37 33.7 64.76
97.52 36.13 37.63 46.63 70.45 68.89 60.67 60.33 44.3
61.17 77.1 97.61 68.47 34.61 62.74 44.08 70.33 39.22
73.37 62.75 70.46 64.38 76.03 80.68 84.97 93.81 34.17
57.01 76.69 60.05 95.22 92.42 78.4 80.42 71.27 61.0
45.37 66.59 64.86 66.63 63.21 48.58 99.21 74.66 73.84
54.11 31.91 77.96 60.55 42.97 89.14 62.02 74.79 68.39
75.82 93.98 79.82 52.22 56.88 74.51 73.1 83.06 49.22
70.87 92.76 96.98 56.35 94.61 97.21 30.91 77.18 84.05
81.62 62.94 48.84 63.25 85.9 56.67 35.7 30.02 79.35
87.82 63.27 34.11 39.05 57.81 49.59 78.42 94.66 55.38
97.4 42.28 64.5 96.49 85.32 58.04 74.11 42.13 99.11
36.64 84.65 36.28 63.81 78.0 95.84 58.09 62.41 54.34
73.87 50.2 75.29 32.84 33.27 53.51 46.17 62.86 57.04
55.16 40.85 76.91 72.82 69.83 60.85 33.23 58.22 44.46
71.79 37.74 31.51 95.55 64.69 69.31 73.37 87.27 48.7
57.99 84.83 82.14 70.45 46.39 88.89 72.96 86.46 40.73
35.39 68.73 81.43 47.73 50.35 47.47 54.72 79.94 38.73
82.58 41.04 47.58 54.63 37.68 32.56 81.34 87.01 61.97
97.59 40.65 73.52 87.7 56.42 83.12 64.12 36.31 63.85
30.5 77.01 33.34 34.45 42.5 46.99 89.79 47.75 98.42
67.98 71.75 90.55 76.3 62.0 89.61 37.92 95.96 50.47
87.26 63.14 42.5 87.8 32.81 82.34 33.73 59.41 96.44
64.03 54.15 81.72 47.52 94.98 40.59 44.72 71.01 79.55
78.7 85.84 46.99 86.92 41.91 49.64 66.7 71.7 52.29
82.65 85.12 75.95 62.34 94.1 98.73 35.52 31.85 38.35
38.75 69.83 75.49 44.27 98.5 95.75 49.79 99.66 38.0
90.94 34.45 84.98 82.58 31.9 51.95 74.98 38.31 57.92
80.9 87.75 88.2 30.91 74.33 39.99 66.15 38.92 39.85
91.33 69.77 57.35 71.17 36.34 81.36 76.76 78.88 65.66
40.91 69.05 32.22 40.98 68.97 37.48 53.14 87.55 76.03
96.75 77.78 78.23 89.32 85.31 70.33 51.74 52.83 38.77
82.28 79.08 41.89 31.94 59.96 99.98 36.65 45.53 50.46
51.7 38.99 46.02 68.89 68.57 84.51 71.63 84.17 81.14
51.27 96.02 83.49 86.69 47.57 64.91 46.87 73.02 59.59
94.5 84.87 88.08 92.78 58.09 32.5 74.43 45.86 39.78
33.41 44.75 42.17 95.53 69.73 42.1 37.5 52.0 56.96
37.83 92.44 98.54 75.43 99.25 73.62 42.36 79.46 71.73
83.55 50.12 91.1 73.44 77.52 75.19 75.54 62.63 73.38
65.19 98.9 55.78 42.63 62.99 33.25 72.05 35.87 54.73
31.26 89.51 69.76 61.23 69.23 37.66 32.39 86.0 92.19
64.09 93.8 98.14 33.96 79.1 58.44 71.27 68.86 93.38
36.97 43.18 40.81 40.3 47.87 86.85 90.49 96.02 81.61
59.57 75.34 58.06 81.15 85.05 81.92 59.65 40.82 35.67
60.04 94.35 76.97 57.59 42.81 85.12 43.93 89.01 39.09
71.3 79.22 45.73 36.5 81.37 83.12 79.3 93.55 58.0
37.76 69.97 90.56 89.94 97.94 59.8 56.78 76.3 40.52
38.69 95.11 90.4 66.3 93.34 99.51 69.49 86.62 77.8
88.43 98.85 63.94 54.4 47.53 51.28 45.81 51.38 82.03
78.95 77.17 47.96 54.0 51.74 86.02 57.83 79.51 99.1
92.76 72.86 46.29 31.72 96.1 56.67 99.49 56.95 36.35
74.17 64.19 86.99 40.68 49.65 32.99 56.34 42.47 88.92
86.55 47.4 64.03 97.83 65.33 98.16 90.36 86.95 75.95
36.61 55.3 53.4 78.92 53.43 75.39 66.62 30.08 94.58
56.62 75.65 83.09 77.63 92.67 74.18 80.73 40.74 36.98
97.68 48.33 82.16 93.08 79.78 88.92 47.99 30.72 52.1
37.81 32.73 38.56 49.29 39.94 41.55 90.06 81.24 72.09
62.01 67.57 55.58 60.53 86.9 69.97 32.01 64.09 80.85
35.39 57.17 89.66 92.29 56.34 79.33 38.57 99.88 87.06
73.82 58.99 76.19 87.74 46.89 94.54 58.15 54.07 57.27
59.92 78.72 79.91 83.9 78.89 93.65 83.35 82.63 79.21
33.34 77.9 54.57 54.5 35.93 32.47 61.23 47.05 79.82
67.93 62.77 36.84 66.06 76.75 44.27 44.18 32.43 31.96
83.98 82.4 49.17 78.97 34.88 95.49 87.98 63.73 92.01
32.04 63.64 76.04 58.75 46.8 81.34 41.6 63.82 65.3
30.53 38.22 51.5 93.0 91.38 94.78 74.2 42.27 78.16
72.11 97.35 66.51 97.55 51.17 94.53 72.89 96.59 79.62
32.87 47.59 63.77 99.74 68.98 47.45 98.46 65.71 31.9
99.02 78.11 71.51 84.08 55.6 57.44 30.1 53.33 39.81
59.5 61.2 81.12 40.31 65.09 45.16 51.65 95.83 61.26
34.79 53.96 47.27 36.95 88.4 85.51 38.31 64.03 97.47
80.05 91.22 83.49 80.36 47.63 86.72 86.05 59.64 49.55
54.66 65.59 83.0 60.47 58.88 30.18 63.99 52.15 65.04
48.88 68.3 93.81 86.35 34.51 42.62 47.08 84.82 67.7
96.21 62.97 89.43 59.45 38.36 71.8 58.14 83.75 42.48
90.47 56.71 56.98 40.62 67.36 95.92 72.91 41.47 61.03
71.59 97.02 98.54 98.84 67.01 91.87 41.82 66.38 91.3
90.0 39.08 67.77 41.41 46.66 81.29 79.43 35.79 55.12
67.92 68.01 63.99 72.04 88.2 71.31 40.97 99.31 98.85
78.62 74.31 47.81 39.69 67.22 41.8 42.83 68.03 36.39
66.57 64.02 92.3 34.98 56.57 95.69 98.94 95.0 36.17
62.47 50.15 71.45 92.66 95.49 66.46 87.87 38.7 89.29
57.94 35.6 36.25 37.47 75.49 84.76 84.81 84.95 99.59
36.47 90.44 50.59 48.46 41.62 42.1 62.78 77.72 65.49
40.07 52.77 41.62 64.35 48.89 59.53 43.05 79.01 72.32
38.65 36.55 92.9 54.77 70.77 56.21 45.27 92.91 80.13
78.73 60.67 46.15 65.11 69.24 68.03 80.65 48.87 47.73
68.6 75.15 72.82 99.65 60.93 94.89 42.05 96.11 61.86
74.4 51.9 88.89 78.41 72.46 62.8 37.95 81.93 71.48
88.29 47.74 49.87 70.35 48.99 69.95 93.23 85.53 48.49
39.49 51.92 56.24 74.92 93.06 48.52 99.14 83.86 60.94
