2 100 1
2 3 6
5 1 2 3 4 5
5 1 2 3 5 4
5 1 2 4 3 5
5 1 2 4 5 3
5 1 2 5 3 4
5 1 2 5 4 3
5 1 3 2 4 5
5 1 3 2 5 4
5 1 3 4 2 5
5 1 3 4 5 2
5 1 3 5 2 4
5 1 3 5 4 2
5 1 4 2 3 5
5 1 4 2 5 3
5 1 4 3 2 5
5 1 4 3 5 2
5 1 4 5 2 3
5 1 4 5 3 2
5 1 5 2 3 4
5 1 5 2 4 3
5 1 5 3 2 4
5 1 5 3 4 2
5 1 5 4 2 3
5 1 5 4 3 2
5 2 1 3 4 5
5 2 1 3 5 4
5 2 1 4 3 5
5 2 1 4 5 3
5 2 1 5 3 4
5 2 1 5 4 3
5 2 3 1 4 5
5 2 3 1 5 4
5 2 3 4 1 5
5 2 3 4 5 1
5 2 3 5 1 4
5 2 3 5 4 1
5 2 4 1 3 5
5 2 4 1 5 3
5 2 4 3 1 5
5 2 4 3 5 1
5 2 4 5 1 3
5 2 4 5 3 1
5 2 5 1 3 4
5 2 5 1 4 3
5 2 5 3 1 4
5 2 5 3 4 1
5 2 5 4 1 3
5 2 5 4 3 1
5 3 1 2 4 5
5 3 1 2 5 4
5 3 1 4 2 5
5 3 1 4 5 2
5 3 1 5 2 4
5 3 1 5 4 2
5 3 2 1 4 5
5 3 2 1 5 4
5 3 2 4 1 5
5 3 2 4 5 1
5 3 2 5 1 4
5 3 2 5 4 1
5 3 4 1 2 5
5 3 4 1 5 2
5 3 4 2 1 5
5 3 4 2 5 1
5 3 4 5 1 2
5 3 4 5 2 1
5 3 5 1 2 4
5 3 5 1 4 2
5 3 5 2 1 4
5 3 5 2 4 1
5 3 5 4 1 2
5 3 5 4 2 1
5 4 1 2 3 5
5 4 1 2 5 3
5 4 1 3 2 5
5 4 1 3 5 2
5 4 1 5 2 3
5 4 1 5 3 2
5 4 2 1 3 5
5 4 2 1 5 3
5 4 2 3 1 5
5 4 2 3 5 1
5 4 2 5 1 3
5 4 2 5 3 1
5 4 3 1 2 5
5 4 3 1 5 2
5 4 3 2 1 5
5 4 3 2 5 1
5 4 3 5 1 2
5 4 3 5 2 1
5 4 5 1 2 3
5 4 5 1 3 2
5 4 5 2 1 3
5 4 5 2 3 1
5 4 5 3 1 2
5 4 5 3 2 1
5 5 1 2 3 4
5 5 1 2 4 3
5 5 1 3 2 4
5 5 1 3 4 2
5 5 1 4 2 3
5 5 1 4 3 2
5 5 2 1 3 4
5 5 2 1 4 3
5 5 2 3 1 4
5 5 2 3 4 1
5 5 2 4 1 3
5 5 2 4 3 1
5 5 3 1 2 4
5 5 3 1 4 2
5 5 3 2 1 4
5 5 3 2 4 1
5 5 3 4 1 2
5 5 3 4 2 1
5 5 4 1 2 3
5 5 4 1 3 2
5 5 4 2 1 3
5 5 4 2 3 1
5 5 4 3 1 2
5 5 4 3 2 1
10 49 60 43 31 31 49 45 56 30 35
10 43 41 55 33 45 59 32 59 40 46
10 53 47 41 35 33 41 60 32 34 54
10 37 51 53 42 56 58 50 35 31 56
10 51 31 38 35 36 49 52 41 40 30
10 30 54 54 57 58 43 52 31 49 49
10 44 37 50 55 34 31 55 59 45 47
10 45 35 58 50 60 46 53 40 35 33
10 55 50 56 56 35 38 51 60 53 42
10 47 44 58 41 51 30 53 33 59 43
10 57 57 53 32 53 47 54 54 46 49
10 54 50 46 47 35 46 54 56 45 56
10 36 39 55 37 44 55 42 52 59 59
10 38 49 53 59 48 48 47 41 37 56
10 58 34 51 32 55 51 51 48 34 48
10 54 49 32 35 30 40 43 42 58 39
10 51 41 38 40 35 30 43 41 55 37
10 39 41 51 58 51 58 34 52 31 58
10 51 40 32 36 47 37 32 43 43 43
10 39 54 60 60 30 48 56 42 54 50
10 31 58 46 55 32 49 33 48 52 36
10 38 39 47 56 53 37 55 33 41 50
10 54 39 38 51 39 36 47 30 31 54
10 40 45 32 31 54 53 49 32 41 55
10 59 46 44 46 49 53 37 48 57 60
10 60 53 34 48 55 52 30 30 40 48
10 42 33 44 58 36 55 45 58 50 45
10 44 37 35 47 32 49 33 38 49 60
10 55 52 56 60 40 40 47 56 50 30
10 44 49 58 45 41 48 31 57 32 40
10 47 35 36 34 48 31 49 57 31 45
10 53 54 43 48 43 37 56 32 50 50
10 56 41 43 42 44 54 39 60 49 57
10 57 32 49 40 43 47 56 41 57 57
10 58 58 41 37 45 53 31 33 34 58
10 54 34 34 49 37 39 40 43 51 60
10 56 42 44 45 55 60 43 44 38 52
10 58 37 41 35 54 57 39 35 57 56
10 50 58 32 32 53 49 59 53 51 58
10 35 53 46 30 48 34 34 55 41 32
10 39 41 42 46 54 57 38 50 37 40
10 53 58 37 50 56 41 43 52 30 39
10 34 45 58 54 44 57 30 32 43 31
10 32 38 52 48 37 48 34 59 30 35
10 39 59 37 39 43 58 39 50 43 56
10 35 33 59 58 52 52 54 42 57 59
10 54 58 38 50 33 58 57 44 60 40
10 48 44 53 47 33 42 57 34 54 55
10 60 44 38 37 46 42 47 39 57 47
10 55 50 54 46 55 41 51 50 59 42
10 52 33 31 45 37 44 44 58 38 45
10 42 32 33 46 37 54 47 53 36 57
10 35 40 54 41 46 44 57 46 37 31
10 32 42 39 52 57 40 33 52 45 49
10 37 47 42 46 49 57 38 59 47 39
10 37 37 44 42 59 35 58 36 31 58
10 47 50 55 34 58 40 40 57 32 58
10 37 53 36 39 32 33 59 36 38 37
10 48 48 35 52 53 47 56 45 45 56
10 57 47 36 36 49 34 43 45 36 49
10 30 40 36 52 53 31 43 42 58 60
10 50 31 51 36 54 34 49 44 52 50
10 53 32 48 37 59 40 58 47 60 57
10 56 56 31 52 52 45 35 50 55 42
10 46 40 52 59 34 54 37 39 48 51
10 53 42 40 42 46 43 54 56 59 35
10 42 37 46 49 49 54 31 34 56 43
10 39 56 55 33 34 46 41 30 46 45
10 43 48 52 31 45 33 42 33 48 30
10 47 44 36 45 34 44 56 60 59 32
10 58 58 51 32 55 54 52 57 38 43
10 35 39 39 56 31 33 53 37 34 51
10 45 38 31 44 56 55 54 41 60 32
10 35 58 44 35 58 38 31 41 41 44
10 36 40 56 30 49 42 57 57 51 40
10 33 46 48 47 55 37 55 50 43 49
10 38 43 32 48 57 52 59 38 38 37
10 52 35 35 34 32 39 59 57 59 51
10 40 40 49 33 31 40 43 37 32 46
10 40 41 40 58 52 32 48 47 49 40
10 35 33 59 40 60 60 41 37 48 49
10 31 34 58 38 35 35 42 58 55 30
10 39 35 49 52 58 52 49 52 42 48
10 57 51 53 56 51 42 44 43 50 47
10 34 31 47 35 52 42 41 31 46 52
10 42 48 42 56 32 39 32 35 38 48
10 48 39 45 34 41 41 30 36 54 35
10 59 38 39 43 36 35 31 56 58 40
10 41 41 51 41 39 56 58 53 55 57
10 31 41 51 49 60 56 46 43 41 45
10 52 44 36 58 35 45 43 30 38 37
10 38 31 33 53 48 50 40 44 45 38
10 45 37 30 46 53 46 36 37 31 49
10 30 47 60 45 39 34 34 50 32 30
10 34 39 55 31 42 51 31 41 52 50
10 38 53 60 53 48 49 43 58 53 47
10 56 44 42 45 47 33 34 42 50 59
10 37 40 39 49 42 42 51 31 42 36
10 52 42 44 40 39 36 47 60 49 43
10 36 38 35 31 50 33 45 32 50 45
