10 10 10 10 10 10 10 beast
0 0 0 0 0 0 0 bird
1.2 2.3 3.4 4.5 5.6 6.7 7.8 pig
10 9 8 7 6 5 4 cat
7.8 6.7 5.6 1.5 2.3 4.9 8.0 table
12.32 23.45 89.56 65.23 32.14 25.123 25.1234 desk
7.9 6.67 7.94 6.19 8.57 9.31 7.08 redraiment
5.05 7.06 9.46 6.43 5.72 7.06 9.67 Joe
7.45 6.63 5.2 8.18 5.26 5.05 9.27 Zepeng
7.97 6.45 8.45 8.25 9.83 9.88 6.92 Leon
9.98 8.22 6.57 8.85 9.13 6.24 5.8 Kewell
9.12 8.21 9.96 8.18 9.54 7.81 7.5 ChenLiang
6.97 8.5 5.86 6.11 5.09 8.98 5.53 Flag
5.98 9.85 9.55 6.51 8.07 7.33 7.54 Guoqi
8.45 9.99 9.19 5.77 8.62 7.75 9.33 Zengfeng
7.62 9.38 9.85 5.24 7.33 8.24 7.18 Shushu
8.02 7.28 6.49 9.26 7.86 5.2 8.98 redraiment
7.07 5.31 8.83 5.17 7.38 7.34 7.51 Joe
5.23 5.41 5.96 9.94 9.6 8.22 6.88 Zepeng
6.12 5.13 7.23 5.7 7.45 8.22 5.01 Leon
8.34 5.21 9.47 5.36 9.49 9.44 5.8 Kewell
7.18 9.16 9.12 5.25 8.92 8.74 6.49 ChenLiang
6.88 5.76 6.21 5.58 9.77 5.39 5.39 Flag
9.72 7.2 6.0 5.69 7.0 7.44 7.32 Guoqi
6.47 9.93 8.97 5.32 9.48 6.4 5.94 Zengfeng
5.79 7.15 5.62 8.37 6.96 6.78 8.85 Shushu
5.7 8.78 5.01 9.31 8.73 8.38 5.36 redraiment
7.73 9.32 7.05 7.87 8.36 6.32 6.23 Joe
8.64 6.0 6.01 8.59 9.93 5.59 7.21 Zepeng
7.5 5.85 5.69 5.34 8.04 6.81 9.84 Leon
6.6 8.23 8.19 8.93 9.61 8.12 8.44 Kewell
7.5 9.78 6.47 5.52 9.95 6.98 8.63 ChenLiang
6.23 7.47 9.88 5.41 9.24 8.22 9.19 Flag
6.99 5.72 8.13 7.25 5.95 9.71 7.78 Guoqi
5.76 5.46 5.94 9.47 5.87 5.78 7.36 Zengfeng
6.53 5.03 9.73 8.53 8.71 8.54 9.02 Shushu
5.56 5.98 9.14 9.52 6.19 8.03 9.57 redraiment
7.56 5.99 5.64 9.27 9.89 7.33 6.28 Joe
5.75 6.88 5.81 5.47 9.63 5.18 7.17 Zepeng
8.84 6.63 7.26 5.93 9.98 7.06 8.93 Leon
5.35 7.78 6.88 5.87 9.67 7.92 5.46 Kewell
6.1 7.97 7.85 8.39 8.2 9.81 7.96 ChenLiang
7.81 9.97 9.21 9.51 8.52 7.32 5.72 Flag
8.33 5.42 7.21 5.84 9.25 9.86 7.76 Guoqi
6.41 5.52 9.02 6.76 5.75 5.32 6.37 Zengfeng
8.35 7.37 6.05 7.95 5.41 8.05 5.59 Shushu
8.74 8.97 8.25 7.21 6.58 7.92 8.67 redraiment
5.96 5.43 9.48 5.82 8.06 8.05 10.0 Joe
7.62 7.02 7.71 8.17 6.31 6.53 8.32 Zepeng
9.43 9.31 9.5 6.31 7.44 7.22 9.32 Leon
8.12 8.63 5.6 6.71 9.69 8.93 5.61 Kewell
6.72 7.27 5.65 6.85 8.21 7.79 9.68 ChenLiang
7.57 5.04 8.88 8.04 8.73 7.59 8.96 Flag
7.26 5.12 8.7 5.31 7.57 7.52 8.45 Guoqi
7.38 9.16 9.83 8.76 6.19 6.84 6.86 Zengfeng
9.02 5.21 8.91 7.55 6.66 5.05 7.36 Shushu
9.71 6.13 5.7 6.95 6.7 5.28 7.84 redraiment
5.23 5.17 10.0 6.54 8.77 8.38 5.07 Joe
9.98 9.38 6.87 5.22 9.62 7.98 9.1 Zepeng
9.85 5.66 5.11 9.53 8.82 9.16 6.77 Leon
9.51 5.67 6.37 7.12 8.16 9.0 7.73 Kewell
6.19 9.3 8.35 9.83 5.29 7.52 9.02 ChenLiang
5.6 9.77 8.54 7.98 8.75 6.41 8.0 Flag
9.63 8.12 5.09 9.45 5.2 9.63 7.03 Guoqi
7.12 6.3 9.87 9.39 8.51 5.89 5.14 Zengfeng
7.31 7.95 7.89 6.34 7.22 6.26 5.46 Shushu
6.34 7.28 7.0 5.46 8.43 8.83 6.81 redraiment
7.02 8.92 8.81 5.89 8.0 7.43 7.52 Joe
7.31 9.13 9.04 6.21 6.08 9.1 8.83 Zepeng
6.69 5.02 8.58 9.74 7.81 6.37 8.78 Leon
7.16 6.39 7.88 9.5 7.34 5.85 7.51 Kewell
7.27 8.17 9.93 9.4 5.69 9.73 8.69 ChenLiang
8.6 7.58 8.89 5.05 6.57 9.59 8.15 Flag
8.51 5.85 8.11 9.89 6.62 5.37 9.29 Guoqi
7.07 5.34 5.23 7.86 8.76 6.72 6.51 Zengfeng
7.89 8.35 8.41 9.08 7.69 9.59 5.17 Shushu
9.74 8.57 5.14 7.74 6.01 8.15 5.52 redraiment
5.36 9.67 7.78 6.87 7.93 6.21 6.2 Joe
6.19 5.72 6.1 6.08 6.45 6.87 6.31 Zepeng
6.92 8.7 9.19 7.41 7.81 5.76 5.36 Leon
7.31 6.22 6.84 5.5 5.93 7.66 9.73 Kewell
8.92 8.29 5.63 6.34 6.07 7.01 9.06 ChenLiang
8.4 7.65 6.85 8.97 9.33 6.63 5.56 Flag
5.42 6.99 6.75 8.7 5.92 9.91 8.78 Guoqi
7.19 6.3 8.52 9.46 9.94 7.53 7.25 Zengfeng
5.02 5.05 8.97 7.06 7.06 8.43 7.37 Shushu
5.21 7.78 5.34 9.95 8.99 9.25 7.35 redraiment
9.11 7.43 9.49 5.32 7.34 7.79 8.22 Joe
8.04 8.57 8.21 7.92 9.35 7.11 9.06 Zepeng
6.89 5.93 8.59 10.0 5.24 9.25 7.07 Leon
7.18 9.75 9.01 6.3 8.87 8.2 5.58 Kewell
6.22 5.04 9.86 6.62 5.18 6.31 8.15 ChenLiang
5.27 5.22 7.12 8.09 9.76 9.88 7.69 Flag
9.49 5.37 5.68 7.16 9.87 8.95 6.28 Guoqi
8.47 8.12 7.03 7.71 9.86 8.29 5.51 Zengfeng
9.56 5.51 7.75 9.24 6.35 8.01 9.9 Shushu
5.62 6.75 6.74 6.38 8.4 5.34 5.71 redraiment
6.68 6.24 7.05 8.04 5.96 9.02 6.26 Joe
6.17 8.25 8.8 6.81 8.91 6.93 9.74 Zepeng
5.9 7.28 7.1 6.61 7.54 5.09 5.3 Leon
5.66 5.11 5.63 7.15 9.28 6.47 7.56 Kewell
6.72 5.65 6.7 6.93 5.46 5.47 8.06 ChenLiang
8.43 9.47 5.41 6.83 9.77 9.66 8.19 Flag
7.05 7.86 8.61 5.89 8.57 6.6 6.16 Guoqi
7.6 6.58 7.53 7.2 7.95 6.91 5.99 Zengfeng
9.15 5.78 8.23 6.98 9.97 6.15 5.38 Shushu
9.06 6.53 8.17 7.22 7.73 9.89 8.15 redraiment
7.58 5.12 9.12 8.91 9.12 9.36 7.37 Joe
7.32 9.75 8.1 6.1 9.35 9.11 9.86 Zepeng
7.01 8.37 9.67 7.97 7.42 7.35 9.97 Leon
7.85 9.52 9.64 6.71 7.59 6.59 7.47 Kewell
7.59 6.06 8.24 7.12 6.59 9.62 9.46 ChenLiang
5.98 6.35 7.38 9.54 5.7 8.25 7.79 Flag
5.44 6.48 5.86 9.38 7.83 6.04 9.83 Guoqi
8.02 8.89 9.71 7.06 6.62 7.58 8.29 Zengfeng
9.61 9.79 5.61 8.46 7.49 7.29 7.09 Shushu
9.8 8.36 5.69 8.73 9.88 5.9 9.45 redraiment
9.75 8.0 5.99 8.11 8.01 6.33 9.66 Joe
7.7 8.43 5.86 5.88 8.45 5.57 8.39 Zepeng
7.62 8.51 5.13 7.54 7.93 8.73 9.66 Leon
6.15 8.01 7.51 9.34 6.29 6.87 9.33 Kewell
9.6 7.43 7.86 8.2 6.2 7.45 7.05 ChenLiang
5.34 7.08 6.74 8.64 8.33 9.39 8.0 Flag
9.33 5.24 7.09 6.35 7.2 9.63 6.62 Guoqi
5.25 7.44 6.85 8.3 6.4 9.34 7.81 Zengfeng
8.44 9.08 7.39 7.36 10.0 7.84 5.03 Shushu
6.38 8.3 9.29 5.82 8.52 7.19 7.89 redraiment
9.08 7.04 9.73 8.61 8.08 5.74 6.22 Joe
8.48 6.86 7.25 6.1 8.25 7.14 5.12 Zepeng
8.56 7.43 5.11 6.21 6.56 9.06 7.87 Leon
7.11 8.29 9.16 5.57 7.89 7.08 7.64 Kewell
9.73 7.93 7.64 7.49 8.69 8.25 7.7 ChenLiang
9.01 9.79 9.37 6.11 6.64 6.76 7.47 Flag
8.81 5.64 5.09 5.03 5.9 9.27 5.76 Guoqi
8.49 9.4 7.85 8.24 6.67 6.27 9.23 Zengfeng
6.2 7.72 5.71 5.46 6.73 6.85 6.07 Shushu
9.47 8.4 6.47 5.35 8.61 7.63 6.57 redraiment
7.72 6.6 5.07 8.59 7.39 5.63 8.21 Joe
5.98 5.24 9.91 9.75 9.17 6.75 7.08 Zepeng
8.95 8.97 7.57 9.02 8.69 7.15 9.35 Leon
5.23 7.03 5.69 9.44 8.79 8.76 8.1 Kewell
8.28 9.16 5.43 5.74 9.2 9.62 8.76 ChenLiang
7.95 9.23 6.44 8.83 5.06 8.92 7.63 Flag
6.2 8.97 8.28 7.51 9.73 7.04 7.92 Guoqi
7.29 6.58 8.63 9.35 5.68 7.4 7.0 Zengfeng
7.39 6.38 8.61 9.32 9.61 7.3 7.17 Shushu
9.29 7.48 8.7 8.64 5.57 7.82 7.55 redraiment
9.54 6.82 6.76 6.98 8.82 7.92 9.38 Joe
9.86 6.06 8.66 7.25 8.13 5.34 9.5 Zepeng
9.84 5.69 5.88 6.07 7.67 6.24 6.02 Leon
6.69 7.85 5.55 9.89 9.06 5.23 5.68 Kewell
5.66 9.83 8.77 5.45 6.61 8.84 8.49 ChenLiang
8.15 6.53 8.53 8.59 9.06 9.25 7.18 Flag
9.01 6.27 5.41 5.41 8.05 9.33 8.19 Guoqi
8.64 6.37 6.25 8.7 7.17 9.03 7.65 Zengfeng
7.27 5.4 6.56 6.1 5.13 6.15 8.13 Shushu
7.64 5.28 7.75 9.99 6.02 9.64 5.19 redraiment
5.43 7.54 7.75 9.42 7.62 9.82 8.01 Joe
9.43 8.18 6.15 6.64 8.39 9.18 6.75 Zepeng
6.37 5.71 9.17 9.55 5.19 9.22 5.83 Leon
8.62 8.55 6.73 5.11 8.15 9.12 7.7 Kewell
6.11 8.84 7.58 9.56 6.46 5.91 9.14 ChenLiang
8.46 9.81 5.95 8.29 7.78 6.25 5.82 Flag
6.59 9.83 8.37 9.69 7.78 8.32 5.42 Guoqi
8.04 6.89 9.66 6.46 9.61 5.34 9.57 Zengfeng
5.35 6.49 7.65 6.87 7.23 9.49 8.35 Shushu
6.33 5.08 5.92 8.4 9.92 9.14 8.19 redraiment
9.98 7.72 8.34 6.95 9.54 6.28 6.97 Joe
8.82 8.51 7.04 8.63 9.71 9.07 6.2 Zepeng
7.75 7.11 9.38 6.92 9.35 6.9 6.39 Leon
6.07 6.4 9.13 7.78 5.38 9.92 8.63 Kewell
5.61 8.91 7.86 5.97 5.37 9.3 5.59 ChenLiang
5.21 8.08 8.94 9.89 7.42 7.15 6.7 Flag
5.21 9.79 5.21 9.21 7.14 6.8 8.63 Guoqi
9.47 8.58 9.69 7.66 6.38 5.72 5.98 Zengfeng
5.6 5.71 9.57 5.08 7.69 9.61 7.66 Shushu
7.35 5.75 6.68 7.29 6.94 9.94 6.25 redraiment
8.84 8.9 5.56 5.39 7.84 7.27 8.69 Joe
9.75 9.98 7.8 9.66 7.07 8.09 5.41 Zepeng
6.66 8.27 6.35 5.02 5.35 9.97 9.94 Leon
7.52 7.78 9.98 6.74 8.65 9.2 7.03 Kewell
8.18 6.56 5.69 6.97 7.31 7.02 5.02 ChenLiang
8.24 7.63 8.35 7.75 6.95 7.45 9.19 Flag
5.78 9.36 7.27 9.4 6.18 7.83 7.62 Guoqi
7.05 6.01 7.64 6.06 5.27 6.33 5.39 Zengfeng
5.14 8.67 6.25 5.7 7.45 6.26 5.04 Shushu
5.78 9.97 8.38 6.96 6.62 8.75 8.3 redraiment
5.74 9.1 8.78 7.54 9.7 6.89 9.08 Joe
9.71 9.8 6.57 9.64 7.12 8.17 9.09 Zepeng
5.32 5.47 5.99 7.51 6.81 7.07 5.08 Leon
5.31 7.59 9.23 7.81 7.77 5.66 5.15 Kewell
8.83 8.29 6.76 7.93 9.59 7.78 5.05 ChenLiang
9.23 6.99 9.39 5.68 5.64 9.37 9.74 Flag
8.56 5.4 7.68 8.87 9.46 6.54 7.99 Guoqi
7.71 6.8 7.13 7.98 6.81 8.51 6.59 Zengfeng
7.49 8.93 9.72 8.66 9.46 7.93 9.89 Shushu
5.71 9.56 8.89 6.56 5.86 7.42 6.21 redraiment
9.74 8.77 8.24 9.56 7.91 5.38 9.0 Joe
8.39 5.96 9.91 8.36 6.34 9.51 7.8 Zepeng
5.75 5.09 5.58 6.45 7.5 5.8 6.71 Leon
8.31 7.78 6.54 5.22 5.38 8.35 8.78 Kewell
7.38 8.72 7.56 5.77 7.96 7.76 8.02 ChenLiang
5.41 5.1 6.57 5.7 6.28 8.76 7.65 Flag
6.28 7.53 8.4 6.77 8.97 7.71 9.55 Guoqi
6.93 8.89 5.48 6.91 6.34 8.99 7.58 Zengfeng
7.7 7.3 5.97 9.96 6.97 7.3 9.27 Shushu
6.4 8.5 7.61 5.21 6.28 9.53 7.52 redraiment
7.1 6.55 9.72 9.36 6.9 6.09 6.11 Joe
8.72 9.66 8.58 9.99 5.77 8.19 9.67 Zepeng
5.71 7.7 8.74 8.76 8.64 9.54 7.34 Leon
5.91 5.19 6.19 6.3 7.16 6.85 7.72 Kewell
9.75 8.01 7.14 8.8 8.9 7.62 9.61 ChenLiang
9.78 8.11 9.66 5.04 9.67 5.9 8.54 Flag
9.45 6.03 9.72 6.29 8.6 8.88 6.32 Guoqi
5.3 7.01 6.04 7.46 9.99 7.92 8.85 Zengfeng
5.61 9.11 5.44 6.05 9.72 7.82 5.06 Shushu
7.82 6.29 7.0 6.47 5.14 7.51 6.59 redraiment
8.02 7.0 5.64 6.57 9.84 9.14 5.02 Joe
8.45 8.57 5.59 6.48 5.14 9.14 6.37 Zepeng
6.64 9.59 9.67 6.26 7.27 9.14 5.46 Leon
7.43 8.88 7.18 7.64 9.92 5.82 6.25 Kewell
8.27 9.92 9.44 5.74 9.52 8.61 6.11 ChenLiang
9.44 8.23 9.96 5.79 9.46 5.85 5.58 Flag
7.78 9.77 6.67 6.01 6.82 9.65 6.19 Guoqi
5.13 7.57 8.57 5.85 8.25 8.69 8.87 Zengfeng
8.29 8.65 5.02 9.41 5.05 8.78 5.36 Shushu
9.56 9.25 8.79 9.57 7.82 7.97 8.04 redraiment
5.77 9.4 8.49 7.65 7.59 5.01 6.06 Joe
5.32 9.82 7.75 8.83 5.58 7.05 8.38 Zepeng
5.87 9.12 7.75 7.56 5.8 6.53 6.15 Leon
7.17 6.99 5.12 8.68 9.54 6.41 5.93 Kewell
7.34 6.12 5.43 7.01 5.61 9.01 5.48 ChenLiang
6.62 9.32 9.74 7.41 9.45 7.9 8.09 Flag
7.52 8.94 7.84 9.64 5.58 6.91 9.74 Guoqi
5.48 7.46 5.14 9.54 7.92 6.72 7.67 Zengfeng
9.39 5.08 5.81 8.47 5.19 7.31 7.07 Shushu
8.4 5.57 7.64 5.41 9.03 9.58 5.46 redraiment
7.04 7.08 6.98 8.57 6.3 6.89 9.69 Joe
7.28 8.43 8.15 8.9 7.83 7.69 7.1 Zepeng
5.62 5.1 9.44 5.81 5.45 5.17 7.17 Leon
9.27 6.34 5.43 7.46 8.7 7.01 9.61 Kewell
5.26 6.43 8.72 7.7 7.06 7.99 8.01 ChenLiang
9.7 5.72 8.89 5.95 8.31 9.65 5.32 Flag
5.55 7.32 9.18 6.67 8.22 8.23 9.84 Guoqi
9.1 9.87 8.04 9.52 5.64 5.85 8.58 Zengfeng
7.54 6.59 9.88 8.02 5.67 6.32 9.88 Shushu
5.16 5.51 5.43 5.84 5.47 8.22 6.0 redraiment
7.42 8.72 7.6 9.69 8.33 6.8 5.36 Joe
6.86 5.3 9.11 7.95 9.9 8.53 6.94 Zepeng
7.04 9.02 6.15 6.21 9.64 9.61 5.41 Leon
7.71 5.52 8.8 9.46 7.41 6.81 9.67 Kewell
6.98 8.02 7.04 7.42 5.84 6.46 7.15 ChenLiang
8.77 8.81 5.58 9.53 5.12 7.23 7.74 Flag
8.85 6.26 9.15 6.13 7.97 5.44 7.94 Guoqi
7.08 6.02 5.79 8.48 7.1 5.07 7.29 Zengfeng
5.71 5.87 5.77 5.14 6.65 6.38 8.33 Shushu
5.9 6.86 5.83 5.52 5.25 6.39 8.29 redraiment
5.49 9.88 8.62 7.18 6.69 9.2 7.08 Joe
6.02 5.77 5.48 8.98 7.44 6.85 7.92 Zepeng
7.75 5.9 9.2 9.84 5.19 6.11 8.29 Leon
6.27 6.79 6.96 7.07 8.95 8.58 8.15 Kewell
6.72 5.01 9.9 5.66 8.29 7.93 6.43 ChenLiang
8.11 6.39 5.72 6.62 7.51 7.46 7.39 Flag
7.5 7.26 7.87 6.6 6.29 5.47 7.8 Guoqi
8.0 7.65 8.1 7.72 8.51 5.69 8.9 Zengfeng
5.56 7.69 8.74 9.34 6.89 8.85 8.92 Shushu
6.54 8.9 6.19 5.11 6.58 6.73 6.56 redraiment
7.88 6.82 5.74 9.18 6.09 6.4 5.34 Joe
8.84 9.78 9.37 8.31 5.04 7.17 7.03 Zepeng
9.41 8.83 6.31 8.55 7.83 8.48 5.22 Leon
9.84 9.3 7.89 7.21 8.95 6.37 7.62 Kewell
6.89 8.85 6.45 6.64 5.98 5.92 5.49 ChenLiang
8.83 8.97 9.08 6.74 9.67 9.85 5.16 Flag
9.72 5.37 6.09 5.71 6.51 9.16 9.11 Guoqi
6.43 8.11 7.99 5.22 5.07 7.97 9.94 Zengfeng
5.65 7.97 7.53 5.83 7.35 6.4 6.26 Shushu
8.64 9.64 8.83 8.14 6.76 8.87 5.71 redraiment
9.02 7.94 6.62 9.23 8.07 7.33 9.52 Joe
9.29 9.75 9.91 9.19 5.92 8.43 5.49 Zepeng
5.79 8.04 8.9 7.84 5.28 9.45 5.27 Leon
8.22 7.88 9.86 8.28 6.69 7.72 7.82 Kewell
9.0 7.98 5.54 9.48 7.53 5.58 7.99 ChenLiang
7.03 6.3 8.11 7.45 7.64 6.85 8.29 Flag
8.8 7.25 8.4 9.53 5.95 6.14 6.91 Guoqi
5.6 6.26 9.06 9.02 9.02 9.09 7.6 Zengfeng
9.05 9.06 7.44 9.96 8.25 5.12 8.25 Shushu
7.82 7.33 6.76 9.97 6.79 8.6 5.58 redraiment
5.44 8.38 6.72 5.83 9.99 7.88 5.53 Joe
8.68 8.07 6.75 5.98 5.59 7.84 7.83 Zepeng
8.06 6.77 5.4 9.78 9.96 5.46 8.05 Leon
8.31 6.88 8.25 5.04 7.32 5.48 7.13 Kewell
5.92 9.98 9.2 8.59 7.39 6.14 8.92 ChenLiang
6.5 9.01 7.6 9.81 8.66 6.16 9.52 Flag
8.86 6.58 6.69 9.76 9.04 9.9 5.94 Guoqi
7.2 5.64 9.27 8.83 9.8 9.54 5.37 Zengfeng
6.27 9.11 7.37 5.85 5.41 8.26 9.04 Shushu
5.13 6.22 9.11 9.83 9.57 8.18 7.84 redraiment
5.59 9.79 5.82 8.0 8.36 5.54 9.51 Joe
7.76 8.59 8.77 7.85 5.37 5.9 7.14 Zepeng
8.29 5.19 6.9 9.27 8.34 9.29 9.47 Leon
6.06 8.27 7.79 5.11 8.84 6.85 5.79 Kewell
6.08 5.05 8.55 6.25 8.86 8.46 9.71 ChenLiang
5.43 6.62 6.41 9.22 8.63 7.11 5.81 Flag
5.34 7.67 7.3 5.02 6.44 5.58 9.22 Guoqi
5.01 8.41 8.93 8.62 8.0 5.03 5.05 Zengfeng
5.11 6.25 5.1 5.97 8.22 7.96 6.04 Shushu
8.59 8.3 5.86 9.49 6.76 7.96 7.94 redraiment
8.95 5.47 8.85 5.89 9.89 6.86 5.14 Joe
5.19 9.5 5.33 9.98 6.95 7.22 5.01 Zepeng
9.32 7.7 9.18 7.79 7.02 7.4 7.53 Leon
9.44 6.85 6.57 5.53 8.55 5.97 9.9 Kewell
5.83 7.17 6.17 5.43 6.14 9.23 7.49 ChenLiang
8.94 6.54 7.05 8.83 7.93 8.13 7.51 Flag
8.1 8.41 7.06 7.04 6.51 8.66 8.15 Guoqi
7.04 8.57 7.38 5.43 9.22 5.06 5.24 Zengfeng
7.78 5.69 7.4 7.93 7.49 7.46 7.51 Shushu
7.74 9.98 7.64 5.32 8.3 5.87 8.07 redraiment
5.8 7.53 9.7 5.0 5.49 7.04 5.94 Joe
6.0 8.89 6.01 5.11 8.27 7.09 6.5 Zepeng
8.54 8.21 6.79 5.68 7.11 6.17 9.14 Leon
7.33 9.74 9.62 8.3 6.01 5.56 7.49 Kewell
6.04 5.58 9.15 5.87 7.61 7.99 9.54 ChenLiang
7.82 8.67 5.82 7.43 7.8 6.78 5.54 Flag
8.88 8.27 8.94 7.55 7.92 5.58 8.01 Guoqi
9.92 9.54 7.59 7.87 8.59 5.85 5.76 Zengfeng
6.05 5.78 8.51 8.37 5.67 8.73 9.09 Shushu
6.28 8.1 7.16 7.16 7.57 5.69 5.99 redraiment
6.78 6.35 7.85 5.06 5.14 5.01 7.0 Joe
6.61 8.72 9.47 7.81 5.83 5.84 5.73 Zepeng
7.25 9.08 8.01 9.77 7.75 8.02 5.86 Leon
6.73 7.09 9.34 8.47 7.18 8.14 6.95 Kewell
5.99 7.2 7.26 9.17 6.3 5.8 7.39 ChenLiang
6.5 5.22 5.64 6.16 9.3 8.72 8.18 Flag
5.22 7.4 9.36 6.52 5.73 5.33 6.59 Guoqi
5.6 8.25 6.53 8.71 8.42 8.82 6.34 Zengfeng
5.88 6.94 5.3 5.73 7.27 9.35 8.24 Shushu
7.28 6.7 8.71 9.51 5.04 6.21 8.01 redraiment
7.92 8.35 8.15 6.44 8.7 6.31 6.59 Joe
8.93 5.54 7.38 7.84 8.36 7.96 7.17 Zepeng
9.67 9.11 8.9 9.68 5.39 7.34 9.5 Leon
6.6 6.09 7.75 6.81 6.24 7.27 6.73 Kewell
9.37 8.29 6.77 5.91 6.2 5.7 7.59 ChenLiang
6.69 9.86 5.24 5.25 9.16 8.54 7.57 Flag
6.5 8.82 5.95 9.66 5.22 9.85 9.84 Guoqi
7.5 7.35 7.81 7.64 7.21 9.88 7.56 Zengfeng
5.66 6.84 7.74 9.49 5.21 6.73 8.35 Shushu
5.79 9.24 8.77 9.01 9.25 7.76 5.31 redraiment
7.0 7.13 8.51 9.33 9.95 5.4 6.86 Joe
5.52 5.69 7.29 8.3 5.51 5.74 8.85 Zepeng
6.93 7.85 8.58 7.13 9.4 9.33 9.92 Leon
6.23 7.62 8.69 9.62 6.99 6.42 7.67 Kewell
9.07 7.3 6.47 7.99 9.25 9.68 5.54 ChenLiang
6.93 5.25 9.32 7.37 6.7 8.3 6.52 Flag
6.28 9.57 5.87 9.24 7.57 5.93 9.6 Guoqi
8.23 5.33 7.78 9.69 8.98 7.24 5.18 Zengfeng
5.34 5.09 5.25 6.15 9.2 5.66 6.87 Shushu
9.34 6.82 5.38 7.2 9.99 8.94 8.27 redraiment
7.8 8.52 7.77 5.42 6.89 6.96 9.25 Joe
6.77 6.51 9.13 5.45 7.69 5.97 8.47 Zepeng
8.18 8.34 7.5 5.95 8.89 6.38 8.6 Leon
7.42 5.63 8.97 9.01 6.68 6.02 8.43 Kewell
8.03 5.55 7.61 7.83 5.71 9.4 6.93 ChenLiang
8.49 5.75 5.56 9.81 7.77 9.26 9.98 Flag
7.31 7.59 6.14 7.95 6.9 9.26 9.45 Guoqi
7.61 6.07 5.08 6.26 8.63 8.0 8.21 Zengfeng
7.8 8.2 8.7 8.71 6.45 6.0 8.27 Shushu
5.65 9.72 5.25 8.16 6.14 6.97 9.17 redraiment
8.5 6.18 9.4 6.47 8.63 5.97 8.48 Joe
6.17 8.98 6.03 7.44 9.4 8.16 9.84 Zepeng
8.49 8.57 6.24 6.49 9.53 6.87 5.46 Leon
8.74 9.54 7.37 7.71 5.33 6.23 8.21 Kewell
9.48 9.37 8.69 9.38 9.16 7.9 8.39 ChenLiang
6.0 7.72 8.71 8.19 8.72 9.55 8.43 Flag
7.66 6.48 9.97 7.87 7.53 9.01 8.01 Guoqi
6.3 9.54 8.83 8.81 7.28 8.36 6.8 Zengfeng
5.66 8.55 9.81 8.87 6.81 7.9 7.58 Shushu
7.11 8.58 5.42 8.95 8.61 6.75 7.81 redraiment
7.53 6.44 6.92 8.75 6.86 9.51 6.04 Joe
8.53 9.46 5.73 5.7 8.5 6.57 8.58 Zepeng
5.55 7.03 7.06 7.61 7.94 8.96 7.48 Leon
9.85 9.79 6.71 5.57 7.84 7.5 6.4 Kewell
7.05 8.81 5.59 9.65 8.27 8.43 6.83 ChenLiang
9.5 6.65 9.24 9.77 7.87 8.66 8.34 Flag
7.86 9.11 6.51 5.62 6.65 6.51 9.31 Guoqi
6.43 9.9 6.41 8.47 8.68 8.6 9.23 Zengfeng
8.21 5.53 8.41 7.48 6.88 8.89 8.3 Shushu
6.71 7.04 7.37 9.0 9.72 8.13 5.31 redraiment
6.96 7.1 8.52 8.34 5.93 7.37 6.5 Joe
8.12 6.91 9.48 8.17 8.04 7.31 7.28 Zepeng
9.11 6.33 9.21 5.56 6.68 6.72 5.43 Leon
9.14 8.35 6.47 7.34 7.61 7.49 8.93 Kewell
7.43 6.12 9.07 6.69 6.58 5.77 7.19 ChenLiang
7.03 8.42 5.07 8.16 6.64 8.85 9.76 Flag
8.23 5.03 8.14 8.98 8.92 6.35 5.31 Guoqi
6.36 6.91 6.44 5.75 7.57 8.19 8.06 Zengfeng
7.94 5.12 5.86 6.58 6.4 8.61 7.96 Shushu
7.83 5.28 5.4 6.3 9.33 9.37 9.37 redraiment
9.52 5.47 8.46 5.48 8.92 6.71 7.66 Joe
7.96 7.36 5.88 9.13 7.97 8.98 9.14 Zepeng
5.84 5.54 9.74 9.55 6.78 9.62 7.69 Leon
9.92 7.55 9.05 8.82 5.33 6.8 5.95 Kewell
6.38 9.51 7.44 5.16 9.85 6.55 5.73 ChenLiang
7.58 7.44 6.47 5.91 7.04 6.96 6.63 Flag
7.72 6.05 7.23 8.18 9.1 7.66 5.66 Guoqi
6.91 7.07 5.4 9.64 6.33 9.06 6.7 Zengfeng
5.28 7.69 9.93 7.24 5.2 9.49 5.48 Shushu
8.18 7.51 8.63 9.83 6.0 8.66 6.51 redraiment
7.4 7.45 5.2 7.56 7.06 6.74 5.48 Joe
7.27 8.23 5.54 8.19 7.75 5.68 6.89 Zepeng
9.69 6.37 6.65 5.57 7.44 9.56 9.23 Leon
6.74 7.68 9.14 6.15 5.5 6.31 7.99 Kewell
7.0 6.68 5.04 8.64 5.94 9.15 6.18 ChenLiang
6.58 6.48 9.31 7.7 7.78 9.05 8.66 Flag
8.69 8.24 7.19 6.58 6.86 6.92 9.18 Guoqi
8.65 5.08 5.14 5.95 8.21 8.09 8.15 Zengfeng
8.46 8.34 8.04 9.98 5.91 7.86 5.92 Shushu
5.43 8.32 8.53 9.93 6.35 6.51 8.96 redraiment
5.71 8.88 7.6 9.41 5.05 9.62 7.14 Joe
6.15 7.42 8.62 8.07 9.0 8.23 8.34 Zepeng
7.37 8.63 8.35 7.74 5.3 8.68 9.58 Leon
7.38 9.15 5.13 7.71 8.24 8.84 9.42 Kewell
5.15 7.33 9.97 6.99 9.52 6.08 7.04 ChenLiang
6.5 9.29 6.19 7.87 9.14 6.05 6.43 Flag
9.36 7.5 6.74 6.43 5.5 7.87 9.37 Guoqi
8.72 7.75 6.15 9.5 8.74 9.68 7.94 Zengfeng
7.51 6.4 7.69 8.76 6.0 7.91 9.58 Shushu
5.02 8.29 7.78 6.97 8.61 6.03 6.71 redraiment
8.28 9.76 8.15 9.65 7.79 7.49 6.07 Joe
8.56 5.04 5.58 5.93 9.81 5.85 8.59 Zepeng
7.49 6.68 7.98 7.4 5.76 6.78 8.55 Leon
9.45 7.36 9.57 7.11 7.56 7.43 6.72 Kewell
5.26 7.17 8.22 7.79 9.57 7.91 8.83 ChenLiang
6.9 8.66 5.58 9.38 5.03 5.72 5.84 Flag
5.64 9.91 7.73 9.2 9.96 6.38 6.45 Guoqi
5.22 6.76 8.26 7.42 8.79 8.29 7.87 Zengfeng
9.08 6.47 5.34 9.33 9.49 6.64 5.62 Shushu
6.46 6.98 6.19 5.89 9.12 6.44 5.12 redraiment
6.61 5.71 6.1 6.24 7.73 5.86 6.09 Joe
6.5 5.96 9.06 9.18 6.13 7.71 9.35 Zepeng
9.44 6.26 7.55 5.66 8.76 6.57 5.4 Leon
9.74 8.97 7.21 5.38 5.32 5.45 5.8 Kewell
9.89 7.74 5.65 8.01 9.33 6.01 9.76 ChenLiang
9.24 7.28 9.09 9.09 6.73 5.29 7.31 Flag
9.63 5.26 9.45 9.66 7.63 9.78 7.84 Guoqi
7.05 9.44 7.63 7.99 9.05 9.91 8.13 Zengfeng
9.87 5.74 6.23 8.67 6.55 8.41 6.97 Shushu
8.55 9.02 8.9 9.18 5.15 5.77 9.66 redraiment
8.86 9.0 7.52 6.46 5.02 8.33 6.98 Joe
9.33 9.55 9.3 7.56 6.32 7.97 8.5 Zepeng
8.65 9.9 8.89 6.74 7.14 5.75 8.56 Leon
7.45 7.9 7.64 8.64 7.39 7.91 5.65 Kewell
5.52 5.18 9.03 5.81 7.39 7.21 9.91 ChenLiang
7.57 5.91 7.92 7.85 7.41 6.02 9.68 Flag
6.37 7.93 5.77 6.43 5.3 6.1 8.66 Guoqi
7.7 9.45 7.36 5.19 8.44 9.89 6.58 Zengfeng
8.38 9.86 9.62 5.44 6.43 8.29 6.76 Shushu
5.33 7.2 9.27 6.41 8.58 6.58 6.87 redraiment
9.03 9.34 9.95 9.86 6.2 8.99 6.69 Joe
7.22 6.97 7.6 5.67 8.95 9.55 7.76 Zepeng
9.6 9.97 5.27 8.62 6.58 8.12 9.14 Leon
7.88 8.66 6.07 8.44 9.4 5.93 8.39 Kewell
6.23 7.1 9.58 6.51 7.17 5.48 7.9 ChenLiang
6.35 7.21 9.44 9.75 8.09 6.95 7.63 Flag
7.8 7.51 7.86 5.16 9.65 6.47 9.64 Guoqi
5.48 5.01 8.38 8.71 9.44 6.41 8.91 Zengfeng
8.44 5.35 8.24 8.73 9.31 7.54 6.68 Shushu
6.62 6.07 8.41 8.12 8.56 6.13 5.6 redraiment
9.73 9.41 9.4 7.57 5.76 7.97 6.0 Joe
5.94 9.73 9.18 9.33 6.47 6.18 8.42 Zepeng
9.13 6.89 6.18 7.82 7.93 5.92 7.08 Leon
8.29 9.15 8.66 9.33 8.68 7.88 8.68 Kewell
5.05 6.96 5.17 8.73 7.05 5.69 6.21 ChenLiang
5.21 9.56 5.73 8.6 9.02 7.29 9.74 Flag
6.92 9.59 9.63 6.66 5.35 6.48 8.85 Guoqi
5.24 7.38 6.26 7.2 6.17 9.84 9.9 Zengfeng
8.53 6.47 7.18 7.5 6.87 8.48 7.32 Shushu
9.61 8.81 9.66 7.57 5.4 5.38 9.52 redraiment
9.67 7.76 6.9 5.09 5.72 6.31 8.5 Joe
9.1 5.57 9.23 8.14 8.2 9.39 8.85 Zepeng
7.04 6.22 9.15 8.65 6.76 9.59 5.35 Leon
5.23 9.37 8.3 6.64 7.12 7.75 7.49 Kewell
5.13 6.07 5.45 8.31 9.29 9.87 7.1 ChenLiang
9.07 8.59 5.61 8.22 8.17 6.94 9.38 Flag
6.89 6.35 7.79 5.16 7.84 9.89 7.31 Guoqi
7.39 7.55 9.09 8.48 6.86 5.04 7.23 Zengfeng
5.03 5.28 6.11 5.56 10.0 7.7 9.06 Shushu
5.36 9.15 8.25 8.8 6.66 9.54 5.77 redraiment
7.7 6.79 8.8 9.88 8.89 5.36 8.9 Joe
8.58 6.0 7.96 5.61 9.41 7.35 7.16 Zepeng
7.13 5.02 6.82 7.2 6.2 7.83 9.49 Leon
7.39 9.26 6.46 6.49 6.8 6.9 9.47 Kewell
8.91 7.0 6.37 8.76 5.87 9.41 7.9 ChenLiang
5.72 6.31 6.96 9.79 9.84 5.87 9.08 Flag
7.39 6.6 8.33 6.09 6.31 8.43 5.54 Guoqi
6.68 6.87 6.15 7.28 9.83 5.48 9.8 Zengfeng
7.62 8.56 7.95 6.04 8.44 9.04 7.06 Shushu
7.99 9.18 6.13 9.67 8.66 9.42 5.54 redraiment
6.46 7.89 9.97 9.3 8.24 8.09 9.96 Joe
9.0 7.85 7.85 8.0 6.11 6.05 9.15 Zepeng
5.88 9.39 9.05 9.21 6.13 8.97 6.5 Leon
5.47 5.24 8.34 9.59 5.38 8.46 9.99 Kewell
8.62 9.47 9.08 8.27 9.18 6.85 6.75 ChenLiang
9.89 7.43 8.95 6.04 5.17 5.07 6.32 Flag
8.93 7.96 8.54 5.81 9.52 5.8 9.23 Guoqi
7.67 8.99 8.84 5.72 9.23 9.32 6.13 Zengfeng
9.43 5.45 7.22 7.87 7.76 9.21 5.67 Shushu
8.54 6.66 8.88 9.72 6.04 6.83 5.47 redraiment
5.08 8.48 6.32 5.53 7.05 6.06 5.54 Joe
9.54 5.57 5.08 5.12 9.96 6.15 6.7 Zepeng
8.51 9.38 6.66 7.1 8.87 9.38 6.29 Leon
8.28 8.43 7.28 8.2 6.29 8.0 5.75 Kewell
5.83 6.69 6.58 9.12 6.7 6.36 8.97 ChenLiang
8.53 8.26 6.42 7.86 6.15 6.73 8.32 Flag
7.23 6.03 9.4 7.98 6.24 9.37 7.13 Guoqi
7.69 6.6 5.39 9.82 6.5 5.83 6.24 Zengfeng
5.74 6.47 9.52 6.15 6.01 9.53 6.65 Shushu
8.64 6.16 6.61 6.08 7.65 5.0 6.19 redraiment
6.94 8.02 7.17 5.14 8.14 8.39 5.89 Joe
9.7 6.24 5.87 9.12 7.42 9.84 9.98 Zepeng
9.36 5.38 7.84 8.32 5.56 9.86 9.21 Leon
9.93 9.32 7.99 8.78 9.33 9.33 6.77 Kewell
9.56 7.98 6.57 5.26 7.72 7.85 8.3 ChenLiang
7.71 9.44 9.58 6.05 8.53 6.28 9.46 Flag
8.15 8.27 7.57 5.77 5.18 9.93 8.16 Guoqi
8.2 5.68 9.98 8.35 9.79 9.9 8.62 Zengfeng
7.47 8.61 8.45 8.46 7.68 7.87 9.32 Shushu
9.67 9.46 5.82 7.83 6.72 7.59 5.56 redraiment
5.26 6.34 9.85 6.72 6.55 8.97 8.24 Joe
6.74 5.11 9.84 9.04 7.47 9.76 5.6 Zepeng
8.36 7.76 9.9 6.94 7.0 9.37 8.74 Leon
7.31 5.84 6.31 7.8 7.49 8.65 10.0 Kewell
6.28 8.63 7.5 7.01 9.57 6.29 5.88 ChenLiang
8.83 8.51 5.85 5.17 7.4 8.19 6.52 Flag
5.91 5.62 6.54 9.59 5.59 5.51 8.42 Guoqi
6.42 6.66 7.86 5.29 5.66 6.78 5.92 Zengfeng
9.64 7.17 5.69 6.91 7.78 5.72 5.22 Shushu
6.42 9.05 8.83 9.32 5.5 5.34 7.49 redraiment
9.72 7.75 5.89 6.35 5.98 7.02 6.18 Joe
5.42 9.95 9.95 5.84 6.04 6.24 6.48 Zepeng
7.6 7.35 8.22 7.38 8.77 8.57 8.51 Leon
7.54 5.9 6.93 9.59 6.93 8.97 5.67 Kewell
9.64 9.53 8.95 9.82 9.13 7.35 6.38 ChenLiang
8.28 5.84 7.11 6.98 7.59 5.8 5.21 Flag
7.62 8.84 5.63 8.06 5.85 8.13 7.85 Guoqi
6.52 7.65 5.36 7.83 8.15 8.89 8.41 Zengfeng
6.95 8.69 6.15 5.28 5.93 9.13 9.16 Shushu
7.63 5.7 8.35 6.26 8.1 6.66 5.13 redraiment
7.3 6.31 9.21 9.93 6.49 9.49 6.54 Joe
8.1 6.53 6.55 9.76 9.4 9.18 8.67 Zepeng
8.22 8.12 5.75 7.25 8.4 5.8 9.83 Leon
5.32 7.93 6.41 8.6 5.7 6.53 6.8 Kewell
7.83 6.03 5.44 5.18 5.79 9.63 5.03 ChenLiang
8.62 9.55 6.32 6.3 8.68 9.08 5.19 Flag
5.21 5.83 9.78 9.51 6.11 7.13 8.72 Guoqi
9.79 6.71 8.17 5.1 8.59 8.12 6.62 Zengfeng
9.4 9.97 5.2 8.12 5.88 9.37 7.85 Shushu
7.79 5.28 9.65 9.17 8.02 8.07 7.75 redraiment
8.36 6.24 9.23 6.98 8.87 7.97 8.12 Joe
9.03 7.87 7.31 9.75 8.28 8.05 8.18 Zepeng
6.09 7.3 7.62 7.2 7.07 8.96 9.63 Leon
8.6 5.82 8.41 9.94 7.36 6.08 7.2 Kewell
8.94 6.85 5.84 5.3 6.52 6.92 7.19 ChenLiang
6.69 8.3 6.75 8.33 6.16 6.17 7.61 Flag
9.91 6.79 5.72 7.59 6.97 7.74 8.78 Guoqi
6.58 8.3 6.7 7.74 9.57 5.38 7.03 Zengfeng
6.56 9.66 7.45 7.2 8.39 5.57 6.02 Shushu
9.47 5.95 8.5 6.11 5.66 7.52 6.16 redraiment
7.78 5.62 6.05 8.74 9.25 6.99 5.2 Joe
8.75 5.61 7.84 7.01 9.52 9.76 6.85 Zepeng
6.64 5.58 6.46 6.76 6.47 8.07 9.44 Leon
5.91 8.49 9.63 6.83 7.46 8.76 7.23 Kewell
6.8 9.42 5.21 7.56 9.78 5.29 5.68 ChenLiang
5.77 8.12 5.19 7.21 9.34 6.86 5.5 Flag
7.02 5.76 9.57 6.31 5.79 8.21 5.51 Guoqi
5.84 9.25 6.31 8.73 5.21 8.3 7.79 Zengfeng
7.66 8.88 8.25 7.61 8.62 8.75 6.85 Shushu
6.78 7.37 8.42 5.18 6.58 5.32 6.41 redraiment
9.07 7.24 6.95 9.99 5.65 7.16 5.07 Joe
5.22 9.34 5.34 5.55 9.6 8.85 7.67 Zepeng
8.73 8.01 9.03 9.98 5.64 7.42 8.02 Leon
8.33 7.15 5.79 5.47 6.58 7.29 5.49 Kewell
5.61 5.67 5.37 5.76 5.8 8.69 8.85 ChenLiang
7.14 5.94 9.44 5.97 6.41 6.27 5.78 Flag
7.75 6.71 8.38 9.87 8.04 7.4 6.12 Guoqi
5.14 6.35 5.89 5.49 5.41 5.15 9.49 Zengfeng
5.04 7.92 8.02 8.86 7.62 5.91 9.11 Shushu
9.32 7.4 8.77 6.97 7.27 5.9 6.9 redraiment
9.8 6.46 9.28 7.1 8.68 6.84 9.33 Joe
6.94 8.78 6.83 9.71 8.17 7.27 5.47 Zepeng
8.13 8.18 5.29 7.38 8.33 9.24 5.17 Leon
5.31 8.16 8.31 9.0 7.6 7.94 8.26 Kewell
6.44 7.01 7.06 6.45 6.87 7.67 6.48 ChenLiang
5.97 9.7 9.83 9.88 8.9 8.3 9.15 Flag
7.51 6.84 8.96 6.61 7.76 8.77 9.23 Guoqi
5.12 7.15 5.33 9.36 8.16 9.64 6.81 Zengfeng
6.22 5.19 6.55 6.85 8.04 6.81 8.12 Shushu
9.62 8.27 8.97 9.08 8.72 6.71 6.76 redraiment
9.85 5.66 6.84 8.32 6.23 8.88 5.07 Joe
9.55 6.28 8.74 9.04 8.51 6.21 9.64 Zepeng
8.97 8.86 9.89 5.09 5.82 9.32 7.74 Leon
6.44 6.02 8.43 8.07 7.53 6.58 6.11 Kewell
9.55 8.91 8.4 6.47 7.84 8.88 7.79 ChenLiang
5.12 9.68 5.54 9.26 7.72 8.81 8.8 Flag
7.11 5.29 5.15 8.06 8.37 9.65 7.5 Guoqi
7.95 7.58 6.7 6.83 6.27 6.1 5.53 Zengfeng
9.57 5.11 6.94 8.13 9.96 8.78 5.14 Shushu
5.93 8.94 5.78 6.19 8.93 9.21 9.5 redraiment
7.05 9.23 7.36 9.27 8.43 9.26 9.39 Joe
9.6 9.46 5.05 5.83 6.15 8.71 9.56 Zepeng
9.68 5.31 9.27 9.28 5.69 5.99 5.28 Leon
6.16 7.19 8.73 8.61 5.58 5.39 9.51 Kewell
5.26 5.0 7.04 7.17 9.51 7.28 7.08 ChenLiang
9.95 8.02 9.68 8.57 6.03 7.75 5.35 Flag
5.21 8.46 5.95 9.73 6.71 5.64 7.72 Guoqi
9.51 6.0 9.3 5.4 6.63 8.11 8.17 Zengfeng
5.93 9.38 9.38 5.91 7.39 9.78 5.93 Shushu
5.31 6.48 6.33 7.77 5.95 8.39 5.81 redraiment
9.76 7.3 8.84 6.19 6.21 7.96 9.75 Joe
7.66 8.07 5.54 6.63 5.2 5.64 5.24 Zepeng
7.39 5.93 8.87 5.13 6.08 8.15 7.6 Leon
5.23 6.5 5.9 9.53 7.83 7.57 9.88 Kewell
8.52 8.2 5.05 6.22 8.07 9.05 9.35 ChenLiang
8.67 5.58 6.56 6.2 8.43 6.43 7.43 Flag
6.46 7.52 5.23 7.17 7.85 9.15 7.88 Guoqi
6.3 6.51 6.82 5.89 8.85 9.37 5.07 Zengfeng
9.72 5.35 7.2 8.22 5.81 7.26 7.37 Shushu
6.66 8.84 6.33 6.45 9.52 8.24 8.14 redraiment
9.67 9.93 7.87 5.81 9.96 6.53 8.55 Joe
9.22 7.48 8.76 5.26 6.96 5.55 8.04 Zepeng
6.61 5.88 7.12 5.96 8.89 8.65 5.01 Leon
8.53 5.61 9.88 6.62 9.77 7.51 9.17 Kewell
7.41 7.76 8.49 9.48 8.47 8.04 6.19 ChenLiang
6.79 9.71 8.09 5.47 6.83 7.05 8.24 Flag
8.84 5.52 9.02 8.28 9.67 6.08 6.42 Guoqi
5.84 8.23 6.14 6.7 6.37 7.43 6.26 Zengfeng
8.39 9.77 6.36 8.24 7.06 8.25 9.27 Shushu
6.6 5.79 5.65 7.22 8.06 7.28 6.33 redraiment
8.31 6.96 8.91 9.39 5.41 5.61 9.02 Joe
6.72 6.56 5.35 9.39 7.43 9.44 5.5 Zepeng
5.42 9.58 8.08 6.88 8.24 7.25 6.59 Leon
8.32 5.53 7.17 6.35 7.12 6.84 5.54 Kewell
5.76 9.19 5.17 5.37 7.21 6.15 6.82 ChenLiang
8.19 7.59 9.57 6.97 7.79 8.82 5.26 Flag
6.09 8.0 8.43 9.3 7.65 7.91 5.31 Guoqi
5.03 5.96 8.74 7.85 8.86 9.19 8.97 Zengfeng
6.91 9.35 6.18 5.8 8.48 8.59 5.37 Shushu
5.29 9.41 5.75 6.89 5.48 5.74 9.77 redraiment
6.24 8.47 8.6 9.59 8.05 9.41 5.3 Joe
5.3 7.19 8.93 6.84 9.44 6.09 5.45 Zepeng
6.73 9.96 7.95 5.26 6.17 5.02 5.35 Leon
6.42 6.34 9.67 6.27 9.96 7.75 9.29 Kewell
8.19 6.0 8.58 5.18 7.25 7.47 5.72 ChenLiang
6.38 5.87 7.28 7.73 5.47 8.48 5.67 Flag
5.13 8.04 9.95 6.77 5.43 5.66 7.66 Guoqi
6.69 8.66 6.24 9.95 9.42 8.64 6.81 Zengfeng
8.93 6.74 7.56 7.94 6.61 9.51 5.82 Shushu
9.9 8.02 7.37 9.63 8.25 8.67 6.97 redraiment
9.46 7.03 6.06 5.72 5.82 7.23 6.76 Joe
9.28 6.6 6.86 6.0 8.44 5.39 7.15 Zepeng
8.27 6.26 6.33 8.44 9.61 9.78 6.24 Leon
7.98 5.29 5.8 5.47 9.63 9.13 5.79 Kewell
7.29 9.86 8.85 6.35 9.08 7.11 8.6 ChenLiang
7.58 5.09 9.29 5.1 9.01 7.09 5.07 Flag
5.89 7.05 6.46 6.15 6.2 7.56 6.41 Guoqi
7.98 9.44 5.79 9.92 9.9 7.41 5.75 Zengfeng
6.17 6.27 5.48 6.27 7.17 9.15 9.16 Shushu
7.39 9.5 7.12 7.15 9.84 5.09 9.03 redraiment
8.7 7.84 5.73 9.35 7.87 6.21 6.44 Joe
6.94 5.09 7.06 7.46 9.23 9.52 7.86 Zepeng
8.46 7.28 9.27 6.07 8.18 9.06 8.64 Leon
7.58 9.55 8.55 9.74 6.51 9.05 8.84 Kewell
6.73 6.14 6.93 5.08 5.76 7.42 8.11 ChenLiang
6.91 8.9 7.52 8.99 5.52 7.08 6.53 Flag
7.03 9.18 8.68 6.2 7.26 8.2 8.1 Guoqi
9.5 8.97 7.03 5.58 9.58 5.14 9.54 Zengfeng
9.66 9.02 9.98 9.31 6.17 7.03 6.57 Shushu
9.46 5.74 8.0 6.98 9.59 5.81 9.36 redraiment
6.95 7.46 5.97 9.33 6.44 7.29 5.69 Joe
6.87 9.25 8.43 6.94 7.19 9.1 9.14 Zepeng
8.72 5.48 7.02 8.98 8.33 5.34 8.02 Leon
8.86 7.88 5.81 9.63 5.02 7.34 6.1 Kewell
7.66 9.39 7.6 9.5 8.63 6.22 6.85 ChenLiang
7.56 7.13 9.24 6.27 8.68 7.95 9.29 Flag
8.3 5.9 8.43 6.04 8.79 7.62 9.75 Guoqi
9.18 6.74 5.25 8.0 5.96 5.67 8.5 Zengfeng
6.48 5.57 8.7 6.13 6.14 5.82 8.69 Shushu
7.49 7.09 7.89 6.52 9.69 5.19 8.6 redraiment
5.99 7.76 8.44 6.97 5.93 7.41 6.68 Joe
5.72 6.35 5.97 6.36 9.73 8.48 5.77 Zepeng
8.71 7.64 9.6 7.45 5.4 7.31 6.56 Leon
8.8 5.47 6.79 6.11 9.05 9.54 6.06 Kewell
6.45 9.82 9.42 6.41 9.82 8.7 7.49 ChenLiang
5.47 5.99 8.44 6.83 8.42 6.75 7.12 Flag
7.54 8.99 6.17 8.96 6.07 7.03 6.49 Guoqi
9.0 7.73 6.38 7.83 7.15 5.54 5.87 Zengfeng
8.63 7.79 5.6 8.55 9.2 5.71 8.73 Shushu
8.21 9.1 9.16 7.02 5.53 5.35 9.26 redraiment
9.63 6.79 7.21 7.38 6.2 5.87 6.29 Joe
7.91 8.69 5.81 9.94 9.15 5.43 9.77 Zepeng
8.69 7.77 6.5 9.04 9.54 6.46 6.15 Leon
8.62 7.66 7.72 7.67 6.27 7.74 5.73 Kewell
9.44 8.44 8.2 7.72 6.67 5.74 6.45 ChenLiang
9.05 6.07 7.62 6.12 5.66 9.44 8.7 Flag
8.66 5.42 9.62 7.73 9.42 7.94 8.85 Guoqi
6.02 6.91 9.74 9.78 5.95 8.99 6.41 Zengfeng
8.33 5.95 5.9 7.6 9.41 7.49 6.15 Shushu
8.12 5.21 9.31 9.38 5.33 5.2 7.75 redraiment
6.9 7.39 7.17 6.96 9.14 6.73 6.55 Joe
6.28 6.88 8.92 9.6 8.36 5.81 9.62 Zepeng
9.86 5.45 9.62 8.81 5.72 7.31 5.05 Leon
6.37 5.62 8.96 9.11 5.58 8.53 8.65 Kewell
9.53 6.48 6.79 7.51 7.91 6.22 5.3 ChenLiang
5.96 9.82 8.66 5.84 8.92 6.93 7.1 Flag
8.91 9.91 9.6 8.76 6.35 7.71 6.79 Guoqi
6.4 5.2 6.2 5.92 7.7 9.92 8.89 Zengfeng
6.63 8.06 6.97 6.24 6.19 9.98 6.86 Shushu
7.67 9.0 5.54 6.95 7.12 9.57 6.93 redraiment
5.9 5.88 8.32 6.37 9.32 7.55 6.8 Joe
7.34 8.68 7.65 5.03 6.94 9.41 7.14 Zepeng
9.5 9.25 6.61 7.45 8.87 6.3 7.88 Leon
7.29 8.46 8.92 5.64 8.04 7.35 9.58 Kewell
8.82 5.38 6.83 6.43 5.58 8.79 6.83 ChenLiang
7.75 5.07 7.49 5.51 9.24 6.06 9.4 Flag
8.34 9.41 5.62 9.68 8.82 6.41 5.11 Guoqi
5.3 8.97 9.76 6.44 5.42 6.26 6.31 Zengfeng
9.83 6.1 6.15 9.18 5.66 9.43 9.7 Shushu
5.69 5.91 9.89 6.32 5.25 7.05 9.39 redraiment
6.61 5.2 6.5 5.86 5.37 9.19 6.83 Joe
7.85 8.09 7.76 9.91 6.28 7.42 9.85 Zepeng
8.55 5.42 8.28 6.28 9.56 7.34 6.04 Leon
7.47 9.1 8.73 8.95 9.48 6.7 7.83 Kewell
9.69 8.32 6.27 9.65 5.84 9.63 9.0 ChenLiang
6.13 8.41 6.9 7.93 9.85 8.46 7.68 Flag
7.43 8.94 7.48 8.76 8.81 9.57 9.58 Guoqi
9.64 7.72 7.45 5.69 6.94 7.96 9.18 Zengfeng
7.17 7.62 9.99 5.92 8.13 7.85 5.45 Shushu
7.69 7.24 5.58 9.22 7.32 6.74 8.46 redraiment
8.55 6.27 9.96 9.85 5.59 5.47 6.98 Joe
9.62 9.01 7.76 6.64 5.98 7.96 8.06 Zepeng
5.86 8.73 7.1 6.55 6.64 7.55 8.84 Leon
6.16 6.24 6.46 8.22 7.69 9.2 9.06 Kewell
9.14 7.04 7.21 8.64 7.65 5.97 7.9 ChenLiang
6.93 8.24 7.09 7.07 9.4 5.05 5.5 Flag
7.27 7.44 6.14 5.78 9.21 8.27 6.14 Guoqi
9.55 7.33 9.2 6.6 9.27 7.99 9.18 Zengfeng
9.7 7.19 5.59 8.62 8.14 8.14 6.8 Shushu
6.29 8.42 8.21 6.39 9.76 5.12 7.92 redraiment
6.87 6.54 9.69 6.46 5.37 8.59 7.61 Joe
5.17 8.25 9.46 8.86 6.92 7.3 9.98 Zepeng
6.04 9.02 7.71 5.35 9.37 9.62 6.15 Leon
6.21 9.18 7.13 7.53 9.15 7.54 8.49 Kewell
7.54 8.2 6.46 7.52 9.17 5.98 9.07 ChenLiang
6.23 5.58 7.99 8.75 9.88 5.66 6.23 Flag
5.6 8.24 7.11 9.74 8.02 8.16 8.67 Guoqi
7.57 5.96 6.37 7.69 6.29 7.37 5.57 Zengfeng
7.45 8.62 9.26 8.2 8.1 9.66 5.15 Shushu
5.4 5.77 9.54 9.48 9.96 9.03 8.75 redraiment
8.25 7.65 6.33 5.63 7.5 5.41 9.84 Joe
5.73 7.14 7.26 6.35 7.76 8.27 7.81 Zepeng
6.15 5.65 5.21 7.77 8.58 6.05 8.29 Leon
8.16 6.58 8.0 6.27 5.56 5.36 9.64 Kewell
9.3 7.17 5.16 5.78 9.11 9.09 9.73 ChenLiang
9.9 7.97 7.75 6.46 5.8 9.96 6.78 Flag
8.21 5.04 9.84 6.86 9.57 6.39 8.2 Guoqi
8.09 8.16 9.76 7.73 9.93 6.76 7.11 Zengfeng
6.16 9.5 8.88 5.14 7.37 8.84 6.46 Shushu
8.07 6.8 9.18 7.1 7.0 6.55 6.3 redraiment
5.58 9.76 8.33 6.58 5.52 7.36 8.35 Joe
5.27 6.2 6.08 5.02 8.76 6.54 9.14 Zepeng
7.68 6.18 9.99 6.71 9.89 5.78 5.1 Leon
5.89 9.64 9.12 9.24 7.06 8.16 9.41 Kewell
9.56 6.7 8.8 6.0 9.64 6.11 7.1 ChenLiang
7.6 6.96 6.55 7.82 5.63 6.07 7.82 Flag
9.68 9.93 9.7 7.55 9.35 8.08 6.99 Guoqi
9.67 5.69 7.28 9.0 6.73 6.37 7.92 Zengfeng
9.35 5.5 9.42 7.48 9.77 5.65 7.68 Shushu
5.83 6.44 6.92 8.49 6.39 6.38 5.38 redraiment
9.19 5.91 7.8 9.9 7.76 6.51 7.03 Joe
5.32 6.26 7.86 9.14 7.95 9.61 8.41 Zepeng
6.71 9.83 6.91 8.67 9.48 5.19 7.7 Leon
9.24 9.1 7.13 7.6 7.42 8.93 6.87 Kewell
6.58 7.93 9.43 7.53 5.36 5.74 7.88 ChenLiang
8.31 7.36 7.7 6.62 9.19 6.31 6.45 Flag
9.29 7.56 9.04 8.2 5.35 6.8 5.83 Guoqi
5.19 6.34 7.64 9.06 9.75 8.55 7.14 Zengfeng
6.48 5.17 7.14 5.87 8.52 8.02 6.2 Shushu
5.1 6.15 6.7 5.76 7.12 6.26 8.26 redraiment
9.86 8.13 9.05 7.74 8.99 5.72 7.96 Joe
9.33 7.95 5.11 6.8 5.45 5.88 6.26 Zepeng
9.47 6.79 5.85 9.32 6.92 5.56 6.3 Leon
9.87 6.31 6.29 5.24 7.45 9.13 9.38 Kewell
7.75 7.38 5.25 7.65 5.7 7.4 8.91 ChenLiang
9.29 9.35 9.36 8.94 8.23 5.11 8.63 Flag
9.08 8.85 7.69 6.55 9.94 8.65 8.73 Guoqi
7.39 9.46 8.99 8.6 5.45 9.02 8.88 Zengfeng
8.43 8.76 6.44 8.47 8.52 9.32 9.67 Shushu
8.07 8.4 5.77 8.98 6.8 9.9 5.37 redraiment
5.44 5.92 9.79 5.82 6.5 9.78 7.41 Joe
7.2 7.54 7.04 8.1 5.95 5.61 8.35 Zepeng
6.62 6.93 5.82 7.3 7.0 5.38 7.08 Leon
8.84 9.53 7.44 7.25 8.53 6.95 6.63 Kewell
9.8 9.68 7.06 6.35 5.87 6.68 5.07 ChenLiang
6.73 8.33 5.62 7.72 7.16 6.08 8.84 Flag
6.75 8.34 5.48 7.89 5.96 5.52 5.93 Guoqi
9.16 5.21 5.91 5.86 5.23 5.08 7.04 Zengfeng
6.28 7.19 6.12 9.74 9.99 9.87 8.51 Shushu
8.81 5.92 6.74 6.82 8.65 6.09 5.41 redraiment
9.87 8.01 7.65 7.31 6.62 9.41 7.98 Joe
9.01 8.73 5.55 5.41 9.44 9.93 7.93 Zepeng
7.18 7.82 6.59 5.61 9.15 7.99 8.69 Leon
5.01 7.41 9.64 6.51 6.65 5.25 6.76 Kewell
9.43 8.18 6.94 5.11 9.31 7.15 5.16 ChenLiang
8.54 6.63 7.82 7.62 6.67 9.83 8.94 Flag
6.54 5.51 9.49 5.68 5.27 9.6 6.58 Guoqi
6.83 5.92 7.52 7.62 6.16 6.67 8.46 Zengfeng
9.49 8.74 8.95 9.78 7.7 9.74 9.52 Shushu
8.12 5.94 5.98 5.26 7.18 8.37 9.5 redraiment
8.37 8.69 7.53 7.83 7.1 9.21 8.43 Joe
6.18 7.86 8.47 9.55 5.8 7.74 8.81 Zepeng
6.44 7.99 9.57 6.01 5.72 9.04 5.38 Leon
8.05 8.71 6.84 7.59 8.76 9.62 6.81 Kewell
5.27 9.37 9.46 6.37 9.74 7.91 6.5 ChenLiang
9.63 8.84 6.78 9.19 6.18 6.49 5.36 Flag
5.96 5.63 9.65 8.62 7.93 9.84 5.76 Guoqi
9.82 6.51 8.93 8.26 7.81 5.69 6.69 Zengfeng
6.0 9.14 6.11 7.81 6.77 8.59 9.17 Shushu
8.67 7.0 6.77 5.57 9.83 5.68 5.68 redraiment
9.83 7.96 9.23 6.31 9.85 7.1 9.95 Joe
7.12 6.32 8.09 7.35 8.78 8.51 6.83 Zepeng
8.46 6.14 9.76 9.9 7.84 7.08 8.45 Leon
9.44 7.08 8.75 8.45 7.31 7.99 6.34 Kewell
5.34 9.17 5.32 7.03 7.83 6.87 9.28 ChenLiang
7.74 5.21 5.36 9.93 9.78 5.16 6.2 Flag
5.02 8.38 6.53 7.68 5.26 7.32 6.41 Guoqi
5.47 9.84 7.6 9.25 6.91 7.74 8.43 Zengfeng
9.61 8.06 5.66 6.42 9.71 8.74 7.06 Shushu
9.29 9.97 9.31 5.74 7.64 7.15 7.88 redraiment
5.25 7.22 9.6 9.23 5.35 8.92 5.37 Joe
8.39 8.68 6.59 8.09 6.26 5.84 9.46 Zepeng
6.17 6.61 9.26 6.87 9.82 9.63 7.42 Leon
6.81 8.48 6.68 5.08 5.26 6.18 7.83 Kewell
9.92 8.2 8.98 6.41 7.21 9.86 8.68 ChenLiang
7.99 5.26 5.22 5.19 8.22 6.52 5.82 Flag
5.67 7.09 5.81 9.04 9.13 6.09 8.99 Guoqi
6.07 8.39 5.66 6.15 8.01 8.22 5.73 Zengfeng
7.36 8.87 6.27 9.07 6.33 8.71 6.49 Shushu
6.67 7.87 7.42 6.11 9.81 6.5 5.63 redraiment
9.32 5.66 5.06 7.17 5.93 7.24 7.57 Joe
5.49 5.7 9.94 8.51 5.74 5.52 5.31 Zepeng
6.61 6.51 6.97 6.37 5.26 8.46 7.49 Leon
7.56 8.5 9.92 6.55 8.81 7.18 5.64 Kewell
5.13 8.53 5.3 8.57 7.11 6.93 7.4 ChenLiang
9.55 7.02 7.01 6.98 8.25 7.71 7.89 Flag
5.48 8.84 8.72 8.3 9.97 5.85 7.89 Guoqi
5.95 8.73 6.44 9.29 7.86 9.14 9.82 Zengfeng
7.21 8.15 8.77 7.04 7.21 8.17 6.26 Shushu
7.2 5.81 8.48 7.07 5.26 9.27 6.93 redraiment
6.61 5.26 9.44 6.24 8.6 7.87 8.95 Joe
7.46 9.83 9.28 8.58 9.47 9.22 9.36 Zepeng
9.74 8.44 8.61 9.13 8.14 7.19 8.88 Leon
9.24 6.58 6.82 5.96 8.19 9.36 8.11 Kewell
9.1 6.03 7.02 9.17 6.61 5.02 7.88 ChenLiang
8.44 6.35 6.52 9.5 7.24 6.41 9.42 Flag
9.97 9.77 9.6 9.17 5.41 8.48 6.49 Guoqi
8.0 9.13 9.32 5.9 8.58 5.62 9.94 Zengfeng
5.6 9.76 8.41 9.61 6.02 5.27 7.82 Shushu
6.59 7.51 6.71 8.38 5.48 8.21 8.42 redraiment
7.59 7.99 6.54 9.16 9.58 5.37 8.09 Joe
8.94 9.41 7.14 7.79 7.51 6.03 8.33 Zepeng
6.17 9.43 6.06 8.59 5.71 9.23 8.92 Leon
5.84 6.28 7.55 5.08 8.94 6.32 5.13 Kewell
8.78 8.34 5.77 9.1 9.64 5.42 6.65 ChenLiang
8.61 9.2 8.86 6.68 9.75 7.47 8.9 Flag
6.92 8.32 9.4 8.0 8.01 5.01 8.82 Guoqi
9.01 7.33 8.95 8.81 5.47 8.74 6.71 Zengfeng
5.81 6.66 7.54 7.27 9.46 7.79 5.16 Shushu
7.07 8.15 7.65 6.8 5.83 5.64 5.07 redraiment
9.81 8.02 8.33 9.99 5.4 5.55 6.47 Joe
9.57 6.6 8.06 7.97 9.57 5.76 6.56 Zepeng
7.79 5.04 8.87 7.81 6.04 8.33 6.83 Leon
9.04 6.96 6.32 8.25 5.81 5.29 8.01 Kewell
8.54 7.46 8.09 5.43 8.84 6.26 5.08 ChenLiang
7.79 6.02 9.91 5.91 7.58 9.26 6.94 Flag
5.27 7.3 8.6 5.07 9.25 8.62 5.02 Guoqi
8.34 5.88 10.0 6.21 8.26 5.6 7.17 Zengfeng
8.92 7.22 5.61 7.16 5.94 6.09 9.88 Shushu
8.6 8.32 9.86 9.13 6.25 9.19 9.12 redraiment
9.08 6.4 6.27 5.93 9.7 8.01 7.29 Joe
8.5 8.18 7.49 8.85 8.07 9.99 7.54 Zepeng
7.64 6.09 9.37 6.09 6.39 9.05 8.9 Leon
9.69 9.24 9.46 9.31 8.87 7.87 8.75 Kewell
9.05 9.65 8.92 7.89 8.18 7.6 7.11 ChenLiang
6.41 7.72 7.74 8.21 8.26 7.94 8.14 Flag
6.82 8.66 5.03 8.9 6.28 6.03 9.55 Guoqi
7.26 9.4 8.96 7.66 7.2 6.88 9.47 Zengfeng
5.18 8.37 6.73 7.14 5.87 7.04 9.38 Shushu
7.13 6.84 7.46 7.69 8.54 5.64 5.7 redraiment
6.17 9.37 9.86 9.36 8.36 5.54 7.37 Joe
6.45 6.34 6.64 8.96 7.81 7.31 9.92 Zepeng
5.07 5.03 6.84 6.26 9.1 7.11 9.07 Leon
7.1 7.5 6.44 5.47 6.39 7.65 8.19 Kewell
9.79 9.36 9.51 6.47 7.97 7.2 7.21 ChenLiang
5.65 5.78 7.42 5.1 6.38 5.69 8.52 Flag
6.39 8.92 6.89 8.16 5.91 6.38 6.42 Guoqi
6.02 7.12 5.13 8.63 8.27 8.1 9.45 Zengfeng
5.97 6.63 5.3 7.43 5.31 6.77 7.97 Shushu
6.53 6.3 7.74 7.67 6.71 9.57 6.04 redraiment
6.57 7.62 8.15 7.33 6.45 5.49 9.3 Joe
7.58 7.57 8.03 5.88 7.19 8.19 7.11 Zepeng
5.67 8.03 6.12 8.04 7.47 5.77 9.81 Leon
10.0 7.8 7.64 5.12 9.62 7.57 9.18 Kewell
5.78 9.59 9.26 5.85 9.25 6.38 5.53 ChenLiang
5.58 6.71 5.59 8.92 7.48 5.89 8.29 Flag
8.75 7.32 8.21 5.22 6.41 9.62 8.37 Guoqi
8.13 9.29 5.29 7.34 8.07 5.05 8.4 Zengfeng
5.68 9.64 6.68 9.52 6.76 7.44 6.98 Shushu
6.34 9.62 8.23 6.85 6.1 7.91 6.22 redraiment
9.74 9.3 7.95 6.92 5.44 7.15 7.87 Joe
8.5 5.31 5.49 9.0 6.28 7.27 9.94 Zepeng
9.83 5.1 6.09 5.06 8.05 9.41 5.39 Leon
8.28 7.55 6.1 5.57 5.94 6.22 9.61 Kewell
6.33 7.48 7.36 7.91 7.37 7.86 6.94 ChenLiang
9.62 8.57 5.75 8.63 7.22 7.12 6.7 Flag
5.48 7.98 8.48 7.98 8.79 7.26 5.85 Guoqi
9.14 9.84 6.0 9.41 7.8 5.42 7.02 Zengfeng
8.11 9.91 8.87 7.0 8.22 7.0 7.32 Shushu
7.69 5.16 6.4 8.97 6.49 8.65 6.41 redraiment
5.48 7.46 9.46 8.23 8.02 8.82 9.6 Joe
6.27 5.88 5.22 8.37 5.24 5.43 7.58 Zepeng
6.43 9.56 5.62 9.33 7.7 5.64 5.28 Leon
7.53 8.99 9.13 6.64 9.05 9.83 5.21 Kewell
9.62 7.94 5.22 8.85 6.97 7.84 8.49 ChenLiang
6.63 8.97 6.07 8.08 8.71 9.24 5.79 Flag
5.89 9.94 6.51 7.07 7.61 8.87 5.52 Guoqi
7.31 5.43 5.46 8.96 8.0 6.97 5.94 Zengfeng
5.46 7.59 7.03 8.67 8.94 5.46 5.92 Shushu
8.98 8.26 5.78 5.24 7.48 8.91 8.63 redraiment
9.32 6.79 5.98 9.52 5.29 7.3 9.64 Joe
7.75 6.35 5.02 9.02 9.31 6.49 6.65 Zepeng
6.91 6.86 6.17 7.42 5.9 5.19 7.57 Leon
9.06 8.87 6.82 7.71 9.81 5.57 6.3 Kewell
5.45 9.74 6.0 5.62 6.28 6.49 8.1 ChenLiang
5.1 6.03 8.67 9.66 5.02 7.28 8.01 Flag
7.73 7.52 8.48 6.9 8.64 5.27 8.83 Guoqi
6.38 7.22 8.3 6.75 8.47 5.37 6.06 Zengfeng
9.34 6.62 5.33 7.41 9.06 9.38 5.35 Shushu
9.81 8.56 8.7 8.16 8.8 8.86 8.69 redraiment
9.34 5.11 5.94 6.57 7.73 9.86 6.1 Joe
9.54 7.16 7.7 8.99 7.25 9.06 5.32 Zepeng
6.84 9.57 5.97 8.47 5.27 5.71 6.25 Leon
5.06 5.62 9.92 9.54 6.23 5.95 6.9 Kewell
7.41 5.0 7.85 6.13 7.55 6.09 8.62 ChenLiang
6.74 5.59 8.64 5.21 6.78 6.55 8.52 Flag
8.77 6.28 6.3 6.55 6.35 8.05 9.02 Guoqi
5.24 9.57 8.62 7.22 7.65 6.41 6.63 Zengfeng
7.78 6.88 7.46 7.99 7.33 7.46 7.2 Shushu
9.27 5.46 7.77 9.78 6.78 8.14 7.49 redraiment
5.24 7.33 9.32 6.95 9.07 7.88 7.56 Joe
6.07 8.22 6.66 7.47 5.43 6.89 5.06 Zepeng
7.4 9.17 6.98 5.28 7.82 5.97 7.99 Leon
7.56 8.33 6.48 9.24 9.31 5.8 9.37 Kewell
5.2 7.58 6.35 5.83 9.37 5.72 8.46 ChenLiang
9.98 5.42 5.89 5.96 7.62 6.48 6.79 Flag
6.66 7.42 7.09 6.6 7.87 6.31 8.04 Guoqi
8.62 8.14 6.34 7.79 8.63 9.69 5.46 Zengfeng
6.52 6.32 9.1 7.45 9.71 5.73 7.76 Shushu
9.66 5.31 8.11 6.69 6.86 8.36 5.14 redraiment
7.97 9.28 7.57 6.69 6.34 8.04 6.52 Joe
7.87 7.31 6.61 5.99 6.0 6.07 9.96 Zepeng
5.78 8.32 7.54 8.04 6.33 7.89 8.91 Leon
5.63 5.65 7.06 9.03 8.72 5.92 5.75 Kewell
8.17 5.14 6.22 5.58 7.12 5.81 8.94 ChenLiang
8.72 9.53 6.2 9.49 5.6 6.49 6.39 Flag
8.35 6.1 9.22 6.41 5.88 5.89 6.51 Guoqi
7.15 8.9 5.36 5.29 5.89 7.64 9.3 Zengfeng
6.08 6.64 9.47 8.54 7.84 6.0 8.2 Shushu
8.07 7.09 7.67 9.57 9.02 6.32 6.9 redraiment
5.11 6.46 9.2 6.68 7.04 8.61 6.27 Joe
7.65 6.81 6.88 9.92 9.09 7.61 8.5 Zepeng
5.77 7.76 7.33 8.11 7.44 9.48 5.47 Leon
6.05 9.24 5.8 9.48 6.64 7.94 9.87 Kewell
6.72 5.4 8.45 6.79 9.24 8.43 7.19 ChenLiang
5.75 5.09 7.35 6.9 5.98 7.43 8.4 Flag
5.58 7.45 9.5 8.63 5.77 9.75 8.97 Guoqi
9.85 6.39 5.6 6.16 9.48 9.86 6.9 Zengfeng
9.18 9.33 7.86 8.99 6.83 7.07 9.95 Shushu
9.64 9.89 8.19 7.7 8.68 8.81 6.36 redraiment
7.68 9.81 6.84 7.46 7.96 9.27 9.79 Joe
8.94 9.12 8.55 7.94 6.92 8.69 7.48 Zepeng
9.34 9.8 8.91 8.63 8.87 5.79 6.85 Leon
9.45 8.78 5.89 8.58 8.99 5.65 8.6 Kewell
9.88 5.45 8.75 8.68 9.28 8.07 8.73 ChenLiang
6.12 9.08 5.39 5.82 9.63 9.87 9.66 Flag
8.87 9.46 5.6 6.53 7.37 9.19 7.42 Guoqi
6.76 5.48 7.43 8.67 6.59 6.81 8.17 Zengfeng
7.73 9.61 6.73 7.98 8.25 9.52 5.84 Shushu
9.62 7.23 7.15 5.68 6.4 5.8 5.33 redraiment
8.32 9.7 8.94 7.81 6.15 7.88 5.84 Joe
8.26 7.07 6.62 6.58 8.98 7.66 8.41 Zepeng
8.06 5.31 6.22 9.3 5.34 9.64 8.5 Leon
7.49 5.45 9.83 7.78 9.47 6.05 6.25 Kewell
6.89 6.97 8.2 6.5 5.01 8.09 8.64 ChenLiang
7.44 9.06 6.59 8.86 6.83 9.07 7.61 Flag
7.26 5.38 5.9 6.79 5.13 5.13 7.19 Guoqi
8.86 5.91 8.07 9.04 8.69 6.28 8.33 Zengfeng
6.79 5.71 5.86 8.17 5.12 9.13 6.74 Shushu
9.82 6.06 5.08 8.69 6.64 6.65 6.4 redraiment
9.47 5.33 9.17 9.26 8.49 6.31 9.34 Joe
5.93 6.32 8.2 7.71 7.46 6.11 8.99 Zepeng
8.58 7.84 8.63 7.32 5.37 6.69 7.64 Leon
6.86 5.27 7.38 7.5 8.69 6.22 8.9 Kewell
9.46 6.39 7.15 5.71 6.45 5.62 5.82 ChenLiang
7.71 9.63 6.82 5.11 8.78 9.13 6.71 Flag
6.18 6.46 7.42 7.95 8.58 7.38 6.85 Guoqi
9.94 8.07 8.04 9.01 5.23 7.7 5.25 Zengfeng
6.28 9.15 6.27 9.31 7.68 6.48 6.52 Shushu
5.68 9.88 7.18 7.89 9.84 7.14 9.03 redraiment
9.3 6.28 5.3 7.77 9.41 6.92 5.81 Joe
6.9 8.11 7.38 7.72 7.36 8.87 5.32 Zepeng
5.29 7.68 9.16 6.6 7.99 8.03 9.06 Leon
6.45 8.69 9.96 7.11 8.16 5.62 8.74 Kewell
5.33 6.67 6.58 5.83 9.98 5.38 6.53 ChenLiang
8.39 6.23 8.85 7.74 9.65 7.7 9.47 Flag
8.53 5.18 7.69 6.66 9.79 9.81 6.63 Guoqi
6.77 5.18 8.61 5.5 8.01 8.98 7.23 Zengfeng
6.07 7.19 9.28 6.7 8.24 7.13 5.53 Shushu
9.96 5.48 7.8 7.43 9.83 7.98 5.46 redraiment
6.87 8.0 5.09 5.06 7.33 6.89 9.3 Joe
8.47 8.46 5.53 8.19 7.45 6.88 6.94 Zepeng
6.72 8.45 6.59 5.99 5.54 5.38 8.21 Leon
9.65 9.12 7.73 7.84 6.01 5.76 5.06 Kewell
8.36 6.14 5.25 7.9 7.86 6.15 8.07 ChenLiang
7.17 6.94 6.03 5.06 5.5 7.82 7.72 Flag
5.2 8.22 9.81 5.6 5.37 8.17 6.4 Guoqi
8.41 9.79 7.63 9.96 5.05 8.79 8.61 Zengfeng
6.92 9.29 9.5 5.3 8.45 8.2 8.27 Shushu
5.07 5.44 5.55 7.63 9.39 9.5 8.14 redraiment
6.56 5.11 9.16 8.39 7.48 8.28 5.06 Joe
7.73 6.98 9.18 9.72 7.3 6.86 7.83 Zepeng
6.23 8.33 7.29 8.26 6.88 5.96 6.13 Leon
6.16 6.25 7.03 5.77 8.56 9.09 9.91 Kewell
6.53 8.76 8.11 7.32 7.31 6.77 7.85 ChenLiang
9.18 8.82 7.73 8.97 9.84 6.51 9.53 Flag
9.79 7.89 5.71 8.72 6.1 6.12 5.8 Guoqi
5.67 9.97 9.73 7.01 7.15 5.05 8.51 Zengfeng
5.25 5.71 9.31 8.24 6.94 6.82 5.32 Shushu
9.19 7.33 5.55 5.94 7.34 9.85 5.49 redraiment
5.94 7.5 8.76 5.32 7.37 7.35 8.78 Joe
8.68 7.32 7.25 8.75 5.55 7.14 9.15 Zepeng
8.05 8.53 5.78 7.13 8.94 6.56 8.26 Leon
8.03 5.59 7.66 5.5 8.89 8.92 5.03 Kewell
9.57 6.13 6.2 9.92 8.96 8.9 6.71 ChenLiang
6.55 7.4 5.71 9.72 6.82 5.81 6.24 Flag
7.82 8.56 7.21 8.31 8.68 9.16 9.44 Guoqi
6.1 6.6 7.46 8.0 6.36 5.5 8.24 Zengfeng
9.44 7.72 7.77 5.96 6.26 7.83 7.62 Shushu
7.44 8.66 5.91 7.75 5.13 6.31 8.58 redraiment
7.91 5.25 8.83 7.28 9.09 6.91 8.16 Joe
9.15 5.69 9.15 9.28 5.71 9.3 5.5 Zepeng
9.48 8.57 7.14 7.55 9.14 5.62 9.45 Leon
7.65 8.73 7.78 7.17 8.11 7.69 9.88 Kewell
9.62 8.32 5.72 9.91 9.51 9.1 8.8 ChenLiang
9.51 9.41 7.55 7.4 8.54 7.44 7.85 Flag
5.18 9.23 7.74 6.93 5.44 6.95 9.49 Guoqi
8.96 7.97 9.48 7.76 7.66 8.77 6.4 Zengfeng
6.15 9.17 8.27 7.37 8.98 5.71 5.06 Shushu
5.89 9.22 5.48 8.72 8.16 6.31 9.37 redraiment
7.9 7.55 8.35 7.29 5.34 9.11 6.22 Joe
5.01 5.09 5.13 6.61 6.65 9.03 7.59 Zepeng
5.06 8.98 9.8 7.79 6.54 8.66 5.76 Leon
9.94 9.95 7.92 9.59 8.93 6.88 5.05 Kewell
9.98 8.53 6.35 7.76 6.15 9.04 5.01 ChenLiang
8.0 9.75 9.85 6.26 5.66 8.32 7.43 Flag
5.8 6.86 5.18 9.62 5.36 6.82 9.15 Guoqi
9.07 9.89 7.8 6.76 8.82 9.06 6.61 Zengfeng
6.26 9.22 8.51 9.41 5.11 9.19 7.86 Shushu
7.69 5.46 7.23 7.82 9.38 7.34 5.13 redraiment
9.57 9.17 8.79 6.37 6.2 8.29 8.34 Joe
9.8 6.38 7.83 7.39 8.0 6.01 7.43 Zepeng
7.36 9.72 9.64 5.91 9.18 8.21 9.35 Leon
6.73 9.33 8.72 9.85 8.27 6.79 9.4 Kewell
5.7 8.86 8.82 6.03 6.74 7.47 9.33 ChenLiang
7.52 8.25 8.72 8.17 5.85 8.56 9.09 Flag
7.37 9.77 9.93 6.28 8.56 7.35 7.36 Guoqi
8.95 9.62 5.4 5.59 9.73 9.8 9.66 Zengfeng
8.5 9.73 5.12 8.85 7.02 9.37 7.26 Shushu
6.71 9.68 7.84 8.13 9.68 8.57 7.12 redraiment
6.71 5.71 7.01 6.43 7.63 6.94 9.67 Joe
7.63 5.46 9.65 8.17 7.21 9.94 5.56 Zepeng
6.74 5.95 9.22 7.89 7.85 5.68 8.91 Leon
5.03 5.59 6.01 6.57 7.48 5.62 8.05 Kewell
9.45 8.98 9.39 6.65 6.76 6.51 8.5 ChenLiang
7.41 6.39 5.18 9.92 7.82 8.27 9.48 Flag
5.22 6.18 7.47 8.58 7.3 8.34 8.74 Guoqi
6.34 8.17 8.97 9.24 5.68 9.88 9.74 Zengfeng
9.11 6.63 8.42 5.88 8.94 8.66 5.77 Shushu
8.33 7.53 8.58 5.83 9.09 5.55 7.04 redraiment
9.71 6.04 7.53 7.44 8.05 7.34 6.23 Joe
9.17 8.74 6.23 6.46 6.72 9.28 7.47 Zepeng
8.3 9.26 8.22 9.44 8.39 7.59 7.53 Leon
8.14 7.12 6.01 7.76 8.6 8.13 5.24 Kewell
8.63 8.14 9.03 6.64 8.22 9.19 6.47 ChenLiang
7.64 8.64 7.04 6.91 8.47 6.08 7.64 Flag
6.3 8.63 5.62 9.23 9.24 6.18 6.22 Guoqi
7.78 5.19 5.67 5.55 8.79 6.96 7.04 Zengfeng
9.27 7.87 8.33 6.65 8.21 7.88 7.69 Shushu
8.95 8.66 8.82 5.38 6.05 7.24 8.26 redraiment
8.88 6.0 7.28 8.95 8.71 5.91 5.09 Joe
8.82 5.39 7.1 7.59 8.88 7.24 9.46 Zepeng
9.01 5.52 5.04 9.97 6.15 8.65 7.0 Leon
8.6 5.91 7.18 6.36 5.96 7.2 9.67 Kewell
7.87 9.99 6.6 9.04 7.2 5.88 8.78 ChenLiang
7.18 7.71 9.1 6.05 8.49 6.75 6.27 Flag
5.48 5.42 6.38 5.8 5.08 6.5 9.58 Guoqi
8.57 7.66 9.9 7.95 6.77 9.92 5.01 Zengfeng
5.07 5.18 7.4 8.29 9.49 5.75 6.91 Shushu
7.96 6.37 9.37 5.29 7.11 9.21 5.78 redraiment
5.31 6.64 8.76 8.99 6.37 7.16 7.8 Joe
9.62 6.24 7.42 8.27 6.82 8.07 9.24 Zepeng
6.38 7.29 6.72 9.4 7.7 8.18 9.69 Leon
6.6 7.48 8.11 8.74 5.24 5.51 7.29 Kewell
5.57 6.22 8.43 7.92 8.56 9.05 7.06 ChenLiang
8.55 6.94 6.36 7.12 9.18 7.53 6.66 Flag
7.61 5.63 8.88 8.19 8.55 7.54 6.32 Guoqi
5.94 9.39 8.31 5.83 6.6 6.94 8.34 Zengfeng
5.66 5.41 8.52 6.89 6.76 9.45 7.34 Shushu
8.89 5.76 6.81 5.11 6.58 8.45 9.81 redraiment
6.47 8.29 8.82 6.1 9.34 6.6 9.9 Joe
8.49 8.89 5.46 5.47 9.14 9.4 9.26 Zepeng
9.7 5.5 8.25 8.84 9.87 9.17 9.48 Leon
8.01 8.96 8.98 5.82 5.51 8.26 8.06 Kewell
6.6 9.49 9.88 9.72 6.29 9.45 5.4 ChenLiang
5.48 9.11 5.19 9.31 5.09 7.15 6.71 Flag
9.99 8.39 5.86 5.05 6.53 7.73 9.43 Guoqi
7.95 9.48 9.86 9.17 6.7 7.22 8.79 Zengfeng
7.75 9.41 5.16 8.08 5.2 7.44 6.08 Shushu
8.68 8.51 7.31 5.65 7.49 7.26 5.81 redraiment
6.07 7.21 6.08 6.84 7.84 9.25 8.09 Joe
9.57 9.06 6.55 8.16 6.57 8.54 8.09 Zepeng
6.79 5.86 6.39 7.18 6.26 7.73 5.32 Leon
6.51 6.39 8.6 8.58 9.63 5.53 7.3 Kewell
6.43 6.09 7.88 6.31 7.47 8.47 6.4 ChenLiang
6.33 5.41 7.75 7.55 7.06 6.26 6.42 Flag
9.76 7.79 6.52 5.03 7.49 8.34 6.65 Guoqi
8.85 7.77 6.98 9.38 5.08 9.92 7.97 Zengfeng
8.44 7.7 7.96 7.32 9.93 9.43 9.23 Shushu
6.66 9.65 8.1 7.86 9.28 9.37 8.13 redraiment
7.63 7.34 8.09 6.75 5.89 9.82 6.04 Joe
6.13 7.64 6.62 7.14 9.54 9.94 7.14 Zepeng
8.21 8.97 5.72 7.67 7.07 7.56 5.16 Leon
8.36 5.59 8.86 7.04 9.19 5.15 5.61 Kewell
7.32 7.99 8.98 6.29 5.11 8.55 5.01 ChenLiang
5.71 5.24 7.38 6.62 9.16 5.96 6.91 Flag
9.7 7.68 5.45 5.68 7.84 9.45 8.65 Guoqi
9.37 5.04 8.61 5.12 8.22 7.73 7.01 Zengfeng
7.57 7.65 6.17 7.69 8.85 8.46 5.53 Shushu
9.25 9.06 8.12 8.03 5.31 6.84 8.58 redraiment
9.44 9.47 7.89 7.82 7.07 9.9 9.19 Joe
7.76 5.37 5.1 7.29 8.75 8.93 8.58 Zepeng
7.46 5.54 5.27 9.72 9.53 6.08 5.71 Leon
9.09 8.82 7.59 6.32 7.0 9.95 6.96 Kewell
9.27 9.48 5.25 7.74 6.09 8.58 8.56 ChenLiang
7.81 5.53 5.52 9.54 9.93 6.53 6.0 Flag
6.72 6.69 5.4 5.45 6.84 7.0 5.57 Guoqi
7.63 8.29 7.67 5.88 7.55 9.7 5.56 Zengfeng
9.89 6.74 7.63 8.29 8.58 9.6 8.0 Shushu
9.67 7.78 5.15 9.41 8.98 7.31 5.09 redraiment
9.42 5.03 5.01 8.43 5.27 5.5 5.32 Joe
7.99 8.77 7.42 7.48 9.24 7.02 8.44 Zepeng
6.02 5.18 9.53 5.15 9.46 8.1 9.94 Leon
8.69 9.31 7.41 9.02 5.35 9.33 7.14 Kewell
8.75 9.03 8.15 7.52 5.4 8.55 7.02 ChenLiang
5.58 9.18 7.17 6.4 9.3 6.81 8.56 Flag
5.49 9.59 6.79 6.1 5.62 6.72 7.54 Guoqi
6.95 9.38 9.17 7.41 7.72 6.74 5.89 Zengfeng
9.81 5.93 7.64 9.25 6.33 6.79 9.39 Shushu
5.86 8.6 5.68 6.75 5.02 7.57 7.44 redraiment
8.83 6.69 8.51 7.94 8.43 5.75 8.58 Joe
6.46 6.64 8.86 5.93 5.07 7.5 5.96 Zepeng
9.94 5.35 6.54 5.82 8.68 6.01 9.99 Leon
9.62 5.42 5.76 8.68 8.14 6.4 7.18 Kewell
6.19 5.75 6.19 8.09 7.86 7.21 8.2 ChenLiang
6.74 8.95 7.88 7.65 9.4 5.25 7.79 Flag
5.93 8.52 9.89 7.0 9.91 5.03 7.51 Guoqi
7.55 9.05 9.51 8.2 5.21 5.28 8.0 Zengfeng
5.8 7.66 5.71 9.32 7.56 6.36 9.68 Shushu
5.72 9.72 7.1 9.83 9.8 9.64 6.84 redraiment
8.2 7.4 7.22 6.55 8.63 6.07 6.48 Joe
6.86 8.3 6.01 9.66 9.76 6.01 5.38 Zepeng
7.08 8.38 7.3 5.2 5.78 6.01 9.23 Leon
7.86 6.47 8.74 7.26 5.53 9.92 9.66 Kewell
5.28 7.36 8.23 7.29 7.37 8.41 7.86 ChenLiang
9.68 9.91 9.8 8.75 6.18 8.24 5.92 Flag
9.7 5.51 8.02 7.59 5.89 5.18 5.64 Guoqi
8.24 5.52 9.47 7.97 9.29 5.68 7.94 Zengfeng
8.45 5.81 6.66 9.44 7.0 6.72 5.33 Shushu
6.77 9.86 8.22 5.04 9.99 6.66 7.79 redraiment
9.0 6.83 5.27 7.9 8.51 9.33 7.04 Joe
7.01 5.21 5.29 6.18 9.18 6.86 6.17 Zepeng
9.61 5.33 8.09 7.81 5.45 9.94 7.42 Leon
8.74 6.03 6.59 7.04 9.07 5.54 8.19 Kewell
9.2 6.75 6.04 6.33 7.52 8.73 9.61 ChenLiang
8.68 5.0 7.9 7.44 6.27 6.31 6.02 Flag
5.59 7.34 5.91 9.57 6.62 8.48 5.19 Guoqi
8.93 6.37 6.88 9.75 8.97 5.98 6.34 Zengfeng
7.04 5.88 8.64 8.2 9.31 6.32 8.65 Shushu
7.98 9.69 9.63 7.33 9.4 7.25 9.1 redraiment
8.86 7.06 6.36 8.07 7.58 8.24 6.85 Joe
9.75 7.61 7.07 6.5 6.9 7.65 5.71 Zepeng
7.81 6.27 5.82 8.0 5.2 7.34 9.96 Leon
9.56 9.65 8.55 8.34 5.97 5.04 5.99 Kewell
9.15 6.67 5.41 9.11 6.45 6.97 9.78 ChenLiang
6.85 5.76 8.56 9.0 6.36 7.13 8.71 Flag
6.47 5.66 7.73 8.0 5.8 9.49 6.53 Guoqi
8.64 7.01 8.93 6.96 8.62 8.11 7.26 Zengfeng
5.03 7.94 6.9 9.32 9.25 6.05 8.43 Shushu
9.21 7.06 6.52 5.74 6.78 8.68 8.76 redraiment
7.09 7.73 7.68 5.29 9.65 5.59 8.54 Joe
9.88 7.19 5.85 9.51 9.26 8.13 8.51 Zepeng
7.31 5.1 7.6 7.13 9.78 6.02 6.05 Leon
5.25 8.05 9.43 5.62 9.35 8.55 9.25 Kewell
9.87 9.58 9.16 8.89 6.11 5.2 7.85 ChenLiang
7.3 8.08 9.3 8.4 6.71 5.75 5.17 Flag
6.67 5.59 5.23 5.85 8.72 9.3 8.23 Guoqi
5.51 9.79 8.07 5.9 9.23 5.05 6.28 Zengfeng
5.5 7.55 6.73 6.83 7.95 5.93 8.16 Shushu
8.57 8.63 8.35 8.42 8.33 9.33 6.88 redraiment
6.16 6.21 5.72 6.2 8.67 8.71 7.05 Joe
7.62 8.71 7.2 8.88 5.21 5.42 8.05 Zepeng
5.95 9.61 8.42 6.21 5.52 5.02 9.45 Leon
8.3 5.98 7.38 6.81 8.34 6.91 5.02 Kewell
6.11 8.4 8.35 5.92 9.52 9.17 8.17 ChenLiang
5.93 7.47 6.91 5.05 5.07 9.37 5.7 Flag
9.4 8.36 7.24 9.71 8.81 9.05 6.31 Guoqi
5.96 7.56 6.18 9.2 8.68 7.47 6.51 Zengfeng
8.54 9.48 5.72 6.07 7.09 5.76 6.36 Shushu
6.5 9.65 8.94 6.41 7.91 5.88 8.89 redraiment
6.55 7.99 6.12 8.5 5.44 9.53 8.14 Joe
9.58 6.01 5.13 9.8 5.55 8.29 8.27 Zepeng
7.08 8.02 6.71 7.05 6.01 5.42 7.82 Leon
5.6 7.54 8.79 9.9 8.19 8.53 7.02 Kewell
6.65 5.97 9.57 8.59 8.21 5.98 6.33 ChenLiang
6.72 8.48 7.65 8.5 9.85 7.69 8.92 Flag
6.98 5.05 8.44 6.64 5.53 6.9 5.67 Guoqi
6.56 9.3 5.01 5.29 6.76 9.13 9.51 Zengfeng
7.39 9.33 8.08 5.32 6.22 5.26 8.44 Shushu
9.78 9.89 7.31 6.99 8.78 8.35 5.03 redraiment
7.73 8.76 9.42 8.14 8.24 9.38 7.46 Joe
5.66 5.75 6.47 6.94 7.17 9.15 9.46 Zepeng
7.93 9.66 6.03 8.89 9.33 7.34 8.17 Leon
5.1 8.33 5.77 7.04 5.88 5.69 6.13 Kewell
8.16 9.8 9.59 8.49 9.07 6.49 6.51 ChenLiang
5.98 8.81 7.57 5.92 6.69 8.33 8.17 Flag
9.69 8.27 8.14 7.45 7.62 7.64 7.73 Guoqi
7.09 5.64 9.18 8.47 5.04 5.03 8.32 Zengfeng
6.78 6.18 9.67 5.56 5.32 8.83 5.58 Shushu
7.93 9.3 9.7 7.92 5.82 8.32 8.38 redraiment
7.15 6.21 9.18 8.63 5.32 7.86 6.44 Joe
7.61 8.74 7.15 8.66 9.25 8.87 9.37 Zepeng
8.02 5.71 8.96 9.87 5.54 9.45 7.76 Leon
7.96 9.59 8.68 8.68 7.29 6.18 7.64 Kewell
9.25 7.21 9.23 9.71 6.24 7.06 7.08 ChenLiang
8.89 9.28 7.8 5.35 9.02 8.01 8.66 Flag
6.71 7.98 5.78 8.04 9.52 5.3 5.79 Guoqi
6.49 7.83 6.79 8.99 8.19 6.13 5.66 Zengfeng
5.73 5.36 5.59 5.63 7.48 6.3 7.64 Shushu
9.59 7.84 6.97 7.37 9.8 6.08 7.1 redraiment
8.83 5.4 6.1 8.32 7.25 8.62 5.72 Joe
8.31 8.49 5.68 7.45 6.41 7.31 7.54 Zepeng
8.08 7.5 6.77 9.35 8.13 5.74 5.45 Leon
5.87 7.6 9.04 8.34 9.85 7.49 5.2 Kewell
7.08 8.32 9.37 7.82 9.87 6.36 8.27 ChenLiang
8.18 7.36 8.48 5.67 5.64 6.03 7.35 Flag
8.53 9.1 9.44 5.54 6.2 5.56 6.11 Guoqi
7.11 5.43 5.71 5.7 8.18 8.21 5.0 Zengfeng
6.13 6.06 8.12 7.51 8.94 5.59 8.49 Shushu
7.73 6.49 9.93 6.77 5.93 5.61 6.18 redraiment
7.98 7.66 9.09 9.66 6.13 7.98 8.18 Joe
7.89 9.53 5.92 7.54 7.01 7.66 8.45 Zepeng
9.13 9.63 8.32 5.31 8.74 9.93 7.91 Leon
5.22 7.57 5.08 5.51 8.32 5.59 6.26 Kewell
9.1 6.42 9.27 8.68 7.26 6.5 5.45 ChenLiang
7.31 8.78 9.74 5.4 6.74 9.3 5.47 Flag
5.66 5.1 9.55 5.85 7.85 6.86 8.11 Guoqi
7.19 6.3 5.23 9.07 6.17 6.79 7.56 Zengfeng
7.96 5.08 5.41 9.63 9.3 8.41 9.24 Shushu
5.15 6.43 9.42 8.08 9.4 6.21 8.64 redraiment
6.04 6.58 8.97 8.29 6.99 7.51 7.71 Joe
7.02 9.69 8.43 8.92 6.59 6.03 7.15 Zepeng
7.81 5.09 8.66 5.42 7.66 6.04 9.71 Leon
5.83 7.94 9.21 8.48 9.52 5.94 8.45 Kewell
6.09 8.3 5.79 5.66 8.74 7.87 5.13 ChenLiang
9.12 5.45 8.51 6.82 5.23 7.47 5.64 Flag
8.61 9.41 7.53 7.63 6.68 5.66 8.12 Guoqi
9.64 5.15 6.14 6.89 8.61 9.27 6.48 Zengfeng
7.32 7.07 6.94 7.68 9.14 7.86 8.7 Shushu
7.93 6.83 6.16 10.0 9.78 8.71 6.46 redraiment
6.74 7.75 8.15 5.52 9.37 7.29 8.53 Joe
9.82 5.27 7.3 8.09 9.17 9.16 8.04 Zepeng
5.04 8.47 9.36 5.89 9.16 7.96 9.52 Leon
7.72 8.51 5.32 7.28 5.28 5.39 9.95 Kewell
7.41 7.92 7.62 9.79 9.03 9.56 6.9 ChenLiang
7.0 5.39 6.5 6.74 8.67 6.91 6.58 Flag
6.73 6.75 7.83 7.62 5.24 5.45 5.44 Guoqi
9.39 7.98 6.72 7.35 8.58 6.38 6.17 Zengfeng
5.69 9.25 5.83 5.09 8.8 8.13 9.07 Shushu
8.72 9.82 7.14 5.69 6.91 5.71 7.05 redraiment
8.14 6.15 6.97 7.25 5.03 9.79 6.36 Joe
8.1 9.88 5.77 5.68 5.37 8.73 7.6 Zepeng
6.85 7.42 5.42 5.32 5.93 9.72 8.23 Leon
5.72 5.01 9.33 7.41 5.71 6.75 7.75 Kewell
5.74 6.91 6.3 8.04 9.35 8.34 9.03 ChenLiang
8.6 9.58 8.97 9.28 8.86 5.42 8.2 Flag
8.2 5.91 8.26 9.85 9.18 7.92 9.99 Guoqi
7.28 8.3 7.8 6.39 9.87 9.83 6.17 Zengfeng
7.12 8.44 8.18 8.77 9.31 7.24 7.42 Shushu
6.78 7.58 7.85 9.92 8.95 7.52 7.54 redraiment
6.94 8.92 8.34 9.48 5.41 5.66 6.06 Joe
9.27 9.67 5.73 6.82 5.38 6.29 7.67 Zepeng
9.71 9.53 8.65 5.7 6.25 7.0 9.53 Leon
5.55 6.09 5.39 6.59 8.65 5.9 8.86 Kewell
6.05 5.21 6.89 8.09 5.27 7.86 5.14 ChenLiang
8.16 7.96 6.33 8.95 5.5 7.71 8.08 Flag
9.09 7.42 9.87 5.24 6.1 9.84 7.54 Guoqi
7.73 7.37 6.34 7.53 8.01 7.52 5.47 Zengfeng
9.82 6.88 6.78 6.24 5.09 7.92 9.7 Shushu
5.61 6.25 5.52 9.62 8.29 7.65 9.69 redraiment
6.36 9.26 6.2 7.85 5.5 9.67 7.51 Joe
7.46 7.74 5.82 5.13 9.87 7.48 5.92 Zepeng
5.88 8.59 7.94 7.12 9.19 7.97 6.32 Leon
8.64 8.11 8.38 6.71 8.43 5.01 8.05 Kewell
5.78 6.77 5.01 7.57 7.54 9.26 7.66 ChenLiang
9.97 8.1 7.49 6.2 5.05 6.72 7.26 Flag
6.9 7.76 8.52 9.96 9.64 8.92 8.9 Guoqi
9.31 6.32 8.36 7.36 8.79 7.02 8.78 Zengfeng
7.34 9.08 8.19 8.35 8.21 5.56 5.61 Shushu
9.79 5.2 6.38 8.34 6.35 6.37 8.55 redraiment
7.13 8.75 7.18 6.61 7.09 9.52 6.78 Joe
8.87 6.58 6.88 8.21 8.19 9.34 8.5 Zepeng
9.92 6.25 9.22 7.05 7.98 7.62 9.57 Leon
7.31 5.61 6.33 8.98 5.74 6.85 8.54 Kewell
8.83 8.71 5.15 7.72 5.54 5.86 6.4 ChenLiang
6.88 7.56 9.69 5.63 5.61 7.56 9.95 Flag
6.24 7.59 5.59 10.0 9.56 7.96 7.86 Guoqi
7.87 8.36 5.52 9.21 6.79 5.12 9.45 Zengfeng
7.85 8.66 6.29 7.41 9.61 7.29 5.82 Shushu
5.24 9.4 7.32 5.63 9.75 5.05 8.03 redraiment
7.62 9.63 6.59 9.39 8.98 8.55 6.43 Joe
9.31 5.51 5.02 7.18 7.5 5.13 8.75 Zepeng
6.96 8.31 6.48 9.74 7.71 9.47 8.9 Leon
6.61 6.49 5.4 9.72 8.39 5.95 6.89 Kewell
6.69 9.54 8.04 9.78 7.27 8.5 6.0 ChenLiang
6.66 8.99 5.74 7.07 7.1 8.38 6.08 Flag
7.51 8.33 9.49 5.33 6.36 8.53 8.32 Guoqi
6.93 6.87 7.68 5.06 6.27 7.53 9.67 Zengfeng
7.0 7.93 8.35 7.24 8.67 9.65 5.21 Shushu
8.49 6.27 9.43 7.64 7.28 9.82 9.26 redraiment
9.64 7.84 8.51 7.6 7.68 7.27 7.73 Joe
7.31 7.8 5.58 8.53 5.54 7.99 5.67 Zepeng
5.81 6.04 6.39 8.45 9.41 7.41 5.99 Leon
5.75 5.39 5.14 6.86 8.35 8.55 6.63 Kewell
5.69 9.99 7.89 7.83 7.31 9.32 6.67 ChenLiang
6.59 7.6 5.64 8.82 6.83 6.97 5.44 Flag
9.14 9.24 7.93 7.96 7.22 7.92 9.26 Guoqi
6.18 6.46 5.39 7.36 6.35 5.5 8.23 Zengfeng
7.62 8.67 6.43 8.27 7.26 8.96 8.07 Shushu
8.6 5.73 5.47 8.55 8.23 5.4 9.98 redraiment
6.87 9.42 9.56 7.32 7.1 6.5 6.13 Joe
5.08 7.88 6.99 5.19 8.36 8.09 6.73 Zepeng
8.25 6.4 9.33 5.12 6.17 9.52 7.54 Leon
9.1 8.71 6.18 5.74 9.07 8.68 7.98 Kewell
5.41 6.57 6.2 5.1 7.55 9.66 6.39 ChenLiang
6.99 7.42 8.41 5.93 5.53 7.91 9.85 Flag
7.39 5.23 7.24 5.73 5.45 5.42 7.62 Guoqi
9.31 8.84 7.36 9.13 7.45 9.4 6.97 Zengfeng
7.14 6.33 6.19 8.43 7.32 8.35 6.23 Shushu
5.58 5.59 5.32 6.83 9.59 6.11 8.86 redraiment
7.52 7.01 9.52 9.52 6.25 9.45 6.89 Joe
8.83 6.79 6.14 5.8 7.31 6.16 8.58 Zepeng
8.21 5.93 6.81 8.11 9.86 5.49 6.98 Leon
5.2 7.25 7.75 9.46 7.74 6.82 7.3 Kewell
5.51 5.05 6.7 5.11 6.8 8.49 6.09 ChenLiang
9.37 7.14 6.78 8.8 9.79 5.79 9.76 Flag
5.8 6.3 8.35 7.48 8.48 8.77 8.72 Guoqi
8.24 5.02 5.25 6.69 8.98 7.38 5.78 Zengfeng
6.51 5.28 6.8 8.53 6.58 8.23 9.26 Shushu
8.68 5.18 7.0 6.15 9.86 7.93 6.62 redraiment
8.91 5.97 9.92 9.24 8.68 5.61 6.02 Joe
9.81 6.21 7.88 6.01 6.17 8.84 8.18 Zepeng
9.74 5.1 8.7 7.06 5.19 6.72 8.62 Leon
8.97 7.14 8.78 5.03 7.05 6.08 9.14 Kewell
7.68 9.54 6.73 8.26 7.59 7.03 7.79 ChenLiang
7.73 8.21 6.49 8.57 8.87 9.12 7.53 Flag
8.91 9.56 8.97 7.47 8.66 7.51 7.17 Guoqi
8.68 6.97 7.57 7.09 5.92 7.14 7.48 Zengfeng
5.04 5.5 6.11 9.73 8.02 9.53 8.45 Shushu
7.18 6.72 8.83 6.63 7.43 8.78 9.93 redraiment
8.74 9.78 7.95 7.05 9.92 6.6 8.15 Joe
9.15 8.38 9.67 6.21 7.29 9.62 8.33 Zepeng
5.54 9.33 5.34 9.18 7.8 9.53 9.92 Leon
7.81 6.25 9.18 5.07 9.75 7.23 9.66 Kewell
5.43 9.04 6.22 5.38 6.36 6.16 5.86 ChenLiang
5.04 6.94 5.4 5.58 8.8 5.22 7.93 Flag
6.78 7.51 7.48 5.87 5.48 5.84 9.91 Guoqi
8.91 9.2 7.64 5.61 5.86 7.1 6.06 Zengfeng
9.69 6.24 5.41 9.59 9.0 6.28 6.13 Shushu
9.0 8.39 6.98 8.51 9.74 8.28 5.9 redraiment
8.4 9.29 8.29 8.82 8.3 8.69 5.08 Joe
7.92 6.01 6.2 5.15 7.14 5.26 6.38 Zepeng
6.68 9.32 6.4 7.24 8.02 6.95 9.02 Leon
6.01 5.9 9.2 8.91 5.84 8.92 8.17 Kewell
5.16 6.1 5.73 5.76 8.47 6.35 6.76 ChenLiang
7.5 5.69 9.31 5.58 6.71 7.45 8.41 Flag
6.61 7.99 7.04 9.95 8.84 8.07 9.38 Guoqi
5.51 6.21 5.89 8.88 8.45 8.14 8.41 Zengfeng
5.77 6.24 6.19 7.28 7.82 9.34 5.98 Shushu
5.52 5.99 9.9 7.12 9.42 6.1 7.78 redraiment
5.65 7.69 8.73 8.2 9.69 9.42 9.38 Joe
9.91 8.09 6.48 6.08 6.37 8.04 9.11 Zepeng
6.47 8.68 9.0 5.24 9.83 5.93 6.42 Leon
7.0 7.85 5.35 9.17 7.19 8.82 8.74 Kewell
9.26 8.14 8.81 7.5 5.42 5.32 8.86 ChenLiang
8.83 8.02 8.13 8.98 6.37 7.23 8.4 Flag
9.25 6.69 7.5 6.25 5.42 6.74 5.52 Guoqi
7.27 5.65 6.07 5.82 5.79 6.07 8.98 Zengfeng
6.16 5.85 8.01 6.15 8.64 9.88 8.95 Shushu
5.03 7.78 9.9 9.54 8.02 6.77 8.59 redraiment
7.21 7.76 5.56 7.63 9.79 9.18 7.05 Joe
9.88 5.91 5.37 8.74 9.85 8.5 9.16 Zepeng
6.14 7.0 8.4 7.77 6.22 6.76 6.6 Leon
6.59 6.23 7.11 8.03 6.08 7.2 6.99 Kewell
7.13 8.36 8.14 6.29 5.11 7.03 7.78 ChenLiang
7.52 9.85 6.94 8.81 5.57 6.8 9.82 Flag
7.94 5.76 7.42 7.39 6.06 6.82 5.21 Guoqi
7.21 9.52 8.98 7.85 5.63 6.78 8.61 Zengfeng
7.46 6.79 6.06 7.57 9.14 6.75 7.81 Shushu
5.35 7.84 8.07 7.9 5.65 5.92 9.73 redraiment
8.07 6.14 9.85 7.79 6.09 6.66 7.61 Joe
8.76 5.79 6.44 8.79 8.12 7.91 9.88 Zepeng
9.55 8.23 9.12 7.77 6.33 9.62 9.3 Leon
5.95 6.34 6.14 8.33 6.72 5.01 9.65 Kewell
8.83 5.69 6.65 9.81 8.26 6.52 6.9 ChenLiang
9.55 8.28 9.48 7.64 5.5 8.45 6.06 Flag
7.42 7.11 5.98 5.1 7.94 7.73 7.06 Guoqi
5.51 9.28 9.48 5.32 7.6 8.41 5.76 Zengfeng
9.73 6.69 5.54 7.11 8.25 9.84 8.23 Shushu
6.71 6.85 7.55 9.46 7.1 9.99 6.91 redraiment
6.0 6.75 7.62 9.89 7.2 8.94 7.76 Joe
9.94 7.23 7.09 6.34 7.68 9.46 7.2 Zepeng
6.37 9.66 9.59 7.3 7.12 6.87 7.43 Leon
8.14 9.71 6.85 7.83 7.32 6.56 7.67 Kewell
8.48 8.66 8.07 5.29 8.98 6.29 9.84 ChenLiang
9.84 9.56 8.42 8.51 5.02 6.11 8.31 Flag
8.64 8.15 7.25 9.41 8.54 6.28 8.76 Guoqi
6.07 8.06 7.04 6.66 9.13 5.07 6.98 Zengfeng
6.19 6.66 6.99 9.4 8.97 6.72 7.63 Shushu
7.26 6.62 6.47 6.07 5.07 8.9 5.93 redraiment
5.58 8.18 9.2 8.66 8.99 8.73 6.06 Joe
9.95 9.51 7.97 6.39 5.99 6.42 9.22 Zepeng
7.39 7.3 6.62 5.55 5.29 6.72 9.88 Leon
7.12 9.6 6.05 7.04 8.97 5.72 9.24 Kewell
6.25 7.12 8.25 8.23 9.08 9.62 8.34 ChenLiang
9.59 9.59 6.14 6.57 5.44 9.47 8.57 Flag
5.82 6.54 6.05 7.86 7.4 5.75 5.78 Guoqi
8.32 5.56 5.22 7.33 8.72 6.03 9.99 Zengfeng
8.14 5.07 9.88 9.64 5.8 9.2 7.74 Shushu
8.45 6.9 6.96 5.87 8.56 9.34 6.96 redraiment
5.9 7.57 9.25 6.74 8.4 6.92 5.08 Joe
5.4 5.63 6.45 6.62 7.66 5.16 5.96 Zepeng
8.52 6.34 6.0 6.38 7.52 6.54 9.17 Leon
9.45 5.02 5.57 9.65 5.63 5.72 5.12 Kewell
9.13 5.3 9.17 7.39 7.46 8.75 9.7 ChenLiang
8.14 5.29 7.14 5.71 9.88 6.17 6.2 Flag
5.9 5.93 8.97 5.74 6.32 8.16 7.11 Guoqi
9.96 5.13 9.39 9.12 8.77 5.95 5.1 Zengfeng
7.11 5.79 8.92 5.09 8.76 5.11 7.19 Shushu
8.53 5.77 9.28 6.66 7.46 5.42 8.29 redraiment
8.3 8.17 8.15 9.77 5.53 6.96 6.5 Joe
8.6 8.7 7.96 9.81 7.96 5.18 8.73 Zepeng
8.0 9.78 5.59 5.56 5.01 9.08 7.84 Leon
9.8 8.61 9.41 9.69 6.63 9.45 5.85 Kewell
9.75 9.59 9.29 6.64 7.99 8.56 6.56 ChenLiang
7.43 7.8 7.96 6.07 6.62 7.27 9.72 Flag
5.53 9.41 7.43 8.63 5.3 9.07 8.71 Guoqi
8.82 5.88 9.32 5.6 7.33 9.24 7.53 Zengfeng
7.64 7.21 8.65 9.21 7.13 8.15 6.11 Shushu
9.5 9.65 8.6 6.7 7.12 7.69 8.49 redraiment
5.51 8.93 9.86 6.2 6.89 5.62 7.66 Joe
9.26 6.09 6.98 7.55 5.44 7.36 7.04 Zepeng
8.37 8.83 8.38 6.71 7.89 5.16 9.71 Leon
5.6 8.46 6.18 9.01 6.1 8.51 9.35 Kewell
7.76 9.76 9.33 8.53 9.32 8.22 7.98 ChenLiang
6.22 8.82 8.52 8.06 8.32 7.69 5.33 Flag
9.97 7.24 6.11 5.81 9.74 6.62 5.91 Guoqi
9.82 7.52 5.44 5.64 6.5 8.93 5.92 Zengfeng
9.53 8.43 9.95 8.19 6.07 8.2 9.89 Shushu
8.81 5.51 10.0 9.49 7.2 9.93 5.73 redraiment
9.39 6.64 5.08 9.59 9.68 6.22 7.33 Joe
6.21 5.15 6.11 7.12 8.57 7.03 7.71 Zepeng
9.83 7.31 5.86 6.46 7.44 6.13 8.64 Leon
6.26 9.15 9.25 5.38 7.36 7.15 7.19 Kewell
9.16 6.5 5.24 5.35 7.01 9.37 9.8 ChenLiang
8.47 9.47 8.28 6.47 7.86 5.97 9.99 Flag
8.65 5.56 6.69 5.61 9.43 6.28 6.28 Guoqi
8.08 5.72 9.98 8.35 8.96 7.74 8.37 Zengfeng
6.63 8.33 9.69 6.23 6.66 7.1 5.15 Shushu
9.09 8.42 5.8 9.07 6.34 9.52 8.73 redraiment
6.56 6.48 6.86 9.54 9.38 6.57 6.49 Joe
9.02 9.39 9.16 9.29 7.87 7.97 8.06 Zepeng
8.64 5.75 5.66 9.63 9.4 7.9 7.88 Leon
9.13 5.16 5.28 8.89 7.62 9.03 7.86 Kewell
7.91 5.11 9.91 7.82 8.6 8.94 8.16 ChenLiang
5.93 7.51 5.21 8.73 6.43 8.01 8.91 Flag
7.98 9.33 7.42 8.91 8.19 9.23 7.86 Guoqi
7.84 8.51 9.29 8.53 6.13 7.65 9.86 Zengfeng
8.33 6.0 5.24 8.13 9.53 6.79 6.95 Shushu
9.26 6.79 7.91 7.6 8.52 8.18 9.74 redraiment
8.56 9.75 7.89 7.66 6.72 8.63 6.59 Joe
6.47 8.71 8.91 7.35 9.11 9.93 9.59 Zepeng
6.47 6.2 7.33 5.03 6.55 5.11 6.54 Leon
6.11 9.32 8.51 9.5 6.11 8.19 9.13 Kewell
5.23 8.5 7.88 6.45 6.78 9.05 6.61 ChenLiang
7.78 8.82 8.99 7.19 8.91 5.58 5.71 Flag
6.74 9.04 6.42 8.31 9.6 6.18 5.28 Guoqi
5.67 9.21 8.88 7.99 7.82 7.03 6.25 Zengfeng
9.75 8.65 6.69 6.24 8.46 5.63 8.25 Shushu
5.95 6.14 7.92 8.73 6.4 5.77 5.01 redraiment
8.73 6.01 9.01 5.54 5.54 9.53 6.04 Joe
8.95 6.28 6.72 9.29 7.81 9.69 6.22 Zepeng
8.08 5.82 9.61 9.84 8.13 5.89 6.96 Leon
6.75 8.35 5.48 7.05 9.82 6.18 7.74 Kewell
5.17 8.64 5.68 5.05 7.23 9.44 6.04 ChenLiang
9.47 7.85 7.34 6.35 9.17 5.7 8.29 Flag
9.0 8.75 9.01 9.57 5.16 9.44 9.19 Guoqi
5.52 9.0 9.0 9.49 5.11 6.88 9.14 Zengfeng
6.07 5.73 6.17 8.69 5.87 9.33 5.33 Shushu
6.31 5.31 5.1 6.4 5.07 5.82 5.98 redraiment
6.21 6.49 7.03 9.89 7.5 9.73 6.46 Joe
8.51 7.47 8.63 5.16 6.83 9.87 8.3 Zepeng
7.77 6.27 8.64 8.39 6.72 5.61 8.56 Leon
5.42 7.36 5.2 9.01 8.29 5.61 5.33 Kewell
6.89 9.76 9.63 5.62 8.0 6.44 6.29 ChenLiang
6.39 6.37 6.97 5.48 5.2 6.67 9.56 Flag
7.99 6.69 8.2 6.37 6.81 5.84 6.64 Guoqi
9.58 5.93 7.31 9.49 7.91 7.76 5.76 Zengfeng
9.24 9.64 8.67 5.14 9.9 8.78 6.84 Shushu
6.18 8.19 5.71 7.52 6.3 5.37 7.35 redraiment
5.37 5.2 5.45 8.44 9.32 5.06 9.21 Joe
6.43 8.27 8.41 6.47 8.7 8.56 7.17 Zepeng
9.64 6.52 8.05 8.06 9.66 8.65 6.48 Leon
7.04 8.15 5.4 9.4 6.94 6.87 7.69 Kewell
6.88 6.96 9.63 7.32 6.88 8.73 9.47 ChenLiang
6.39 6.22 7.68 8.77 7.66 8.52 8.69 Flag
7.72 6.64 6.45 7.22 7.73 6.14 5.4 Guoqi
6.39 8.25 7.45 6.74 5.44 5.67 9.79 Zengfeng
9.51 6.08 5.31 6.21 5.78 9.16 7.98 Shushu
8.03 9.8 7.45 7.4 5.33 7.51 8.66 redraiment
6.91 8.84 5.15 9.41 9.79 8.97 9.99 Joe
9.31 5.34 9.29 9.85 9.0 5.62 9.42 Zepeng
9.81 9.89 7.37 7.42 7.86 5.51 5.36 Leon
8.49 8.96 5.95 9.15 8.97 7.56 9.47 Kewell
7.42 5.47 6.71 7.68 9.68 5.68 7.68 ChenLiang
6.38 7.19 7.82 6.93 9.49 9.24 9.61 Flag
8.15 6.55 9.85 8.22 5.19 8.77 9.95 Guoqi
9.11 8.47 8.42 7.22 5.48 7.22 7.3 Zengfeng
8.65 9.43 5.8 9.72 6.23 6.82 5.72 Shushu
6.76 7.45 5.5 5.03 9.05 6.72 6.21 redraiment
8.6 5.42 5.26 6.97 5.65 5.36 9.68 Joe
9.69 9.57 7.41 9.42 8.17 7.7 5.35 Zepeng
8.18 8.26 5.35 9.35 6.29 6.24 6.76 Leon
5.79 8.69 7.55 5.63 9.95 7.03 5.85 Kewell
6.94 6.49 6.74 8.06 5.28 9.85 9.77 ChenLiang
6.73 9.76 8.21 8.08 9.51 8.51 6.71 Flag
8.26 9.71 8.65 6.79 9.67 7.33 5.12 Guoqi
5.12 6.19 9.53 7.36 6.69 6.03 6.33 Zengfeng
9.47 8.27 5.8 7.65 7.72 8.09 8.82 Shushu
9.01 8.07 5.8 6.95 7.28 8.38 8.38 redraiment
9.66 8.47 5.76 5.79 8.92 7.77 7.55 Joe
5.23 7.34 9.28 9.72 8.59 8.62 9.8 Zepeng
8.05 9.1 9.32 5.86 6.11 7.68 7.5 Leon
7.75 8.74 9.64 7.51 5.18 9.53 6.55 Kewell
5.71 7.55 7.45 8.81 6.93 6.3 8.38 ChenLiang
7.88 9.77 6.92 5.33 7.29 9.03 6.67 Flag
5.78 5.43 8.55 8.48 6.29 5.87 6.06 Guoqi
5.57 7.83 7.38 6.42 6.13 9.69 5.82 Zengfeng
5.66 7.82 9.31 7.64 6.73 7.78 5.21 Shushu
6.62 7.38 5.2 5.24 7.38 7.91 8.6 redraiment
9.44 9.47 8.39 5.7 9.07 8.26 5.79 Joe
5.92 9.89 9.12 7.6 5.74 5.86 6.62 Zepeng
8.23 9.93 9.86 8.49 7.52 7.38 7.95 Leon
5.08 9.77 8.2 8.41 6.87 7.82 9.51 Kewell
7.54 8.32 8.13 9.53 7.51 5.64 7.77 ChenLiang
8.7 5.89 7.14 5.61 6.25 5.98 8.05 Flag
7.77 7.81 6.55 8.42 8.84 7.83 5.62 Guoqi
9.82 8.05 8.44 8.54 9.77 9.32 7.54 Zengfeng
5.1 6.07 5.75 6.06 9.93 7.36 6.81 Shushu
5.11 6.42 6.45 8.61 8.09 8.24 8.59 redraiment
8.97 8.14 5.64 7.16 9.67 8.96 7.69 Joe
5.65 5.62 9.12 8.69 7.75 5.22 9.46 Zepeng
9.76 9.64 6.09 6.99 6.19 5.44 6.92 Leon
5.47 8.81 9.27 8.32 8.63 8.79 7.71 Kewell
8.62 5.21 5.38 8.41 6.2 7.08 9.56 ChenLiang
6.02 7.37 5.55 8.96 6.06 9.56 6.38 Flag
5.2 8.1 6.38 7.27 9.78 6.6 7.8 Guoqi
6.9 5.79 8.72 8.45 9.57 6.24 8.67 Zengfeng
8.62 7.5 6.79 7.73 5.11 7.81 9.46 Shushu
6.8 6.35 9.14 7.7 6.72 9.21 8.5 redraiment
7.84 7.39 7.47 7.24 7.35 8.42 5.86 Joe
7.81 5.43 9.43 9.62 9.52 8.75 6.57 Zepeng
9.4 6.01 7.6 7.13 7.37 8.18 6.48 Leon
9.77 7.94 5.43 9.95 5.23 8.9 7.64 Kewell
8.38 5.28 7.24 5.11 8.79 9.57 9.61 ChenLiang
5.82 9.01 9.05 7.92 9.24 8.36 6.87 Flag
8.56 7.61 8.77 9.33 8.07 9.32 8.31 Guoqi
9.51 7.49 6.9 7.92 8.91 8.0 6.67 Zengfeng
9.44 9.03 7.48 6.63 5.07 5.1 5.72 Shushu
6.23 5.46 8.94 8.31 7.98 5.39 6.22 redraiment
6.68 7.07 9.15 6.22 5.33 5.89 6.74 Joe
6.1 6.44 9.89 5.48 5.31 6.2 5.0 Zepeng
7.18 9.23 5.46 5.58 6.29 7.53 6.37 Leon
8.88 5.64 8.13 9.15 9.58 8.98 9.83 Kewell
6.29 5.35 7.76 9.73 9.35 5.13 8.52 ChenLiang
7.22 6.03 9.36 5.37 9.7 9.78 7.88 Flag
6.54 5.76 8.52 7.4 9.39 7.6 8.96 Guoqi
5.86 5.23 5.55 9.84 8.64 9.61 9.46 Zengfeng
5.01 9.88 8.83 7.96 8.86 8.74 7.8 Shushu
6.69 8.0 9.76 8.14 7.99 6.13 9.66 redraiment
5.57 6.09 5.75 6.49 9.23 8.35 5.48 Joe
5.47 6.0 5.57 7.81 8.52 8.11 7.66 Zepeng
8.62 8.44 5.43 8.08 8.96 7.04 9.38 Leon
9.56 7.18 7.32 8.52 7.31 9.32 5.5 Kewell
5.63 5.2 8.85 8.84 6.28 5.02 5.94 ChenLiang
6.78 8.61 6.9 8.83 6.07 8.26 7.94 Flag
9.73 8.74 7.15 6.76 8.44 7.33 6.8 Guoqi
9.38 6.9 5.65 7.09 9.02 8.35 5.7 Zengfeng
7.21 7.1 7.65 6.75 7.68 5.37 8.95 Shushu
9.54 8.08 6.29 6.52 6.38 6.72 5.46 redraiment
8.82 6.79 5.47 5.51 8.32 9.98 7.22 Joe
5.36 8.02 8.96 5.52 7.08 9.11 7.51 Zepeng
5.82 7.64 5.22 9.4 8.54 5.39 5.41 Leon
8.54 9.71 6.71 9.74 8.04 7.3 9.54 Kewell
7.99 6.11 6.67 5.84 9.46 8.05 9.06 ChenLiang
9.33 9.84 6.16 7.75 8.15 6.74 9.39 Flag
6.96 8.93 9.83 7.85 5.94 5.89 9.53 Guoqi
7.33 7.24 9.37 9.63 9.26 9.16 8.38 Zengfeng
7.34 5.35 8.53 7.51 5.24 6.45 7.93 Shushu
6.88 6.93 5.62 5.09 8.33 5.36 5.31 redraiment
7.98 7.54 8.17 9.6 8.01 9.35 5.69 Joe
6.1 8.76 6.72 9.51 6.72 6.92 8.79 Zepeng
7.6 5.46 9.87 9.51 5.79 8.13 9.9 Leon
9.63 9.07 6.22 9.78 5.76 9.52 6.85 Kewell
8.62 8.05 7.77 6.53 6.26 5.73 9.12 ChenLiang
8.85 5.79 8.72 6.62 8.08 9.16 5.79 Flag
6.53 6.54 6.31 6.01 9.45 9.52 7.03 Guoqi
6.12 5.75 7.91 6.44 7.16 7.44 9.76 Zengfeng
8.98 8.59 5.21 8.14 5.22 6.61 7.87 Shushu
8.72 5.83 6.74 7.14 6.23 5.78 7.14 redraiment
5.42 6.35 8.29 7.03 8.71 7.82 7.24 Joe
8.44 5.56 7.51 6.83 9.86 7.87 5.19 Zepeng
6.91 5.95 7.56 6.44 6.92 6.89 5.93 Leon
7.68 6.72 9.07 6.06 9.31 5.99 6.16 Kewell
7.88 7.79 8.96 9.82 8.68 5.4 6.27 ChenLiang
5.26 5.06 5.68 9.59 7.22 6.98 9.25 Flag
6.22 7.9 5.3 7.01 6.91 6.29 9.64 Guoqi
8.83 7.97 8.15 5.2 7.83 7.83 5.18 Zengfeng
5.19 9.9 7.65 8.36 6.83 9.29 8.66 Shushu
8.59 9.63 8.38 9.07 8.61 6.32 7.96 redraiment
8.22 8.06 8.73 9.83 7.89 8.93 9.97 Joe
5.88 5.63 5.93 5.48 9.42 6.41 9.51 Zepeng
7.6 7.15 6.42 6.49 6.3 8.97 5.84 Leon
7.1 9.18 9.55 7.66 6.16 7.3 7.26 Kewell
5.64 8.69 5.35 8.57 6.3 7.73 9.4 ChenLiang
7.34 5.1 9.27 5.12 9.76 7.39 8.63 Flag
9.86 5.79 5.93 8.28 8.03 8.45 5.63 Guoqi
8.88 7.57 5.09 6.75 5.7 5.52 7.94 Zengfeng
7.4 7.93 9.47 6.67 9.32 7.29 7.54 Shushu
9.04 8.08 7.66 8.44 9.7 8.09 8.51 redraiment
9.96 7.56 7.4 5.32 7.04 5.41 6.87 Joe
5.73 9.75 5.26 5.93 8.54 7.88 6.47 Zepeng
5.02 8.5 7.08 9.06 6.0 6.63 8.23 Leon
8.91 5.33 7.61 8.95 6.54 5.57 6.64 Kewell
9.89 8.08 6.49 5.08 7.01 7.28 9.88 ChenLiang
7.03 9.97 9.41 9.44 6.88 8.61 6.52 Flag
9.5 5.09 5.84 9.54 7.85 5.4 8.27 Guoqi
5.97 8.27 7.14 7.29 5.43 7.98 5.66 Zengfeng
5.81 7.86 6.05 6.7 9.61 5.17 8.63 Shushu
9.86 8.47 9.27 8.84 7.82 9.54 7.66 redraiment
5.21 6.27 8.49 8.89 7.94 5.33 8.28 Joe
5.76 7.45 5.59 9.62 8.62 9.72 7.71 Zepeng
9.82 6.21 5.39 6.02 6.43 5.5 9.32 Leon
9.22 7.39 7.58 6.13 8.82 6.75 6.51 Kewell
6.07 5.55 8.74 9.92 8.08 5.07 6.32 ChenLiang
7.8 9.15 9.03 7.6 8.2 9.89 7.12 Flag
5.12 7.82 8.63 6.6 8.96 6.43 5.51 Guoqi
7.83 6.95 7.83 9.84 9.92 6.64 7.93 Zengfeng
5.53 5.62 5.43 6.33 6.81 6.54 7.62 Shushu
9.8 7.25 9.6 6.16 6.57 9.19 7.95 redraiment
7.23 9.1 7.25 7.47 8.53 5.87 6.23 Joe
9.14 9.83 6.46 6.42 6.28 9.05 9.04 Zepeng
5.49 7.36 8.38 8.77 5.59 7.05 8.19 Leon
8.05 7.35 6.28 6.25 6.3 9.76 9.76 Kewell
8.64 7.21 7.7 9.14 5.55 7.08 7.88 ChenLiang
7.75 6.05 6.58 6.4 8.75 7.19 7.98 Flag
6.58 6.14 6.26 6.81 8.69 8.32 7.86 Guoqi
5.29 8.93 9.36 9.13 6.72 5.31 6.13 Zengfeng
5.46 8.84 9.49 9.55 5.39 8.59 8.56 Shushu
7.7 8.23 5.08 7.95 9.45 5.59 5.86 redraiment
9.18 8.32 7.36 8.3 6.76 8.03 6.41 Joe
8.18 9.48 7.22 9.89 6.34 5.72 7.77 Zepeng
8.31 8.27 8.07 7.07 7.93 5.74 7.92 Leon
5.12 5.84 6.48 9.71 6.62 7.36 5.08 Kewell
7.46 9.72 9.99 9.52 6.56 8.26 5.45 ChenLiang
6.86 7.87 5.21 7.39 9.2 6.81 6.17 Flag
7.82 6.22 6.76 5.26 6.15 7.0 5.48 Guoqi
8.26 6.21 9.35 6.33 8.02 7.69 7.17 Zengfeng
9.36 7.52 7.52 7.87 8.38 7.3 8.75 Shushu
9.68 7.59 8.24 5.49 5.46 8.6 8.85 redraiment
9.16 9.37 6.44 9.23 8.26 8.04 6.66 Joe
7.68 6.3 7.41 9.39 8.66 9.15 5.82 Zepeng
6.72 9.04 8.96 9.34 7.99 6.43 6.57 Leon
9.94 8.64 5.37 8.27 7.97 8.45 9.45 Kewell
9.53 8.31 6.58 5.7 8.52 5.89 9.96 ChenLiang
9.53 9.7 8.57 6.88 6.52 8.93 6.25 Flag
9.86 7.83 8.26 9.24 8.92 7.04 5.04 Guoqi
5.84 7.08 8.54 9.08 5.26 6.04 8.1 Zengfeng
6.76 6.0 5.57 6.65 6.22 8.53 8.38 Shushu
5.4 7.95 5.2 8.28 6.43 8.13 9.33 redraiment
9.77 5.3 5.82 8.35 6.11 5.94 5.27 Joe
9.25 6.39 7.48 6.18 9.04 8.22 5.39 Zepeng
8.48 9.57 8.79 8.71 8.14 6.43 5.67 Leon
6.38 9.15 8.85 8.5 5.96 6.24 9.45 Kewell
6.6 7.89 7.78 5.11 7.27 7.72 9.2 ChenLiang
9.13 5.25 7.81 6.79 7.47 5.17 7.25 Flag
5.85 6.25 6.57 6.06 6.92 6.4 7.62 Guoqi
5.61 5.04 6.52 7.17 7.46 8.19 8.72 Zengfeng
9.73 6.48 8.62 6.46 7.03 9.11 5.22 Shushu
5.04 6.89 6.26 5.3 9.28 8.51 9.19 redraiment
9.02 9.1 6.8 9.98 5.49 7.76 8.26 Joe
5.68 8.2 6.91 6.17 5.91 5.85 6.32 Zepeng
5.59 9.95 8.44 8.54 6.27 6.58 8.02 Leon
9.32 5.35 5.21 9.95 5.75 6.74 7.53 Kewell
8.81 5.64 7.38 5.91 6.99 5.58 5.96 ChenLiang
9.61 6.98 6.5 7.07 9.79 9.83 9.0 Flag
7.11 7.73 5.61 6.55 9.38 9.3 7.85 Guoqi
7.44 10.0 9.1 5.45 5.7 6.14 8.0 Zengfeng
8.49 9.32 8.7 9.7 8.85 8.66 8.31 Shushu
9.39 7.49 5.81 7.24 6.9 9.07 6.66 redraiment
8.12 5.35 9.59 5.03 7.14 5.38 8.14 Joe
7.37 7.99 5.1 8.46 8.95 5.36 8.9 Zepeng
8.0 5.61 6.38 8.62 6.63 7.27 8.5 Leon
6.7 6.58 8.73 9.18 5.35 9.79 7.89 Kewell
7.93 7.04 7.13 9.43 6.68 9.14 7.57 ChenLiang
9.46 7.51 9.09 5.86 5.81 6.88 6.17 Flag
9.91 9.75 5.16 6.82 7.29 9.19 9.47 Guoqi
9.29 7.03 5.33 7.94 9.35 7.23 5.98 Zengfeng
7.4 8.05 9.16 6.71 8.93 7.72 6.05 Shushu
8.99 7.71 5.67 9.33 7.93 5.08 7.68 redraiment
6.6 6.83 7.04 9.03 6.14 6.95 9.2 Joe
6.66 8.48 7.88 5.96 7.63 6.63 7.3 Zepeng
7.35 9.88 7.77 6.34 8.59 5.99 7.69 Leon
9.45 5.82 6.74 7.58 6.7 8.59 9.98 Kewell
9.79 6.02 8.55 7.01 9.16 5.06 6.64 ChenLiang
9.79 9.06 8.96 8.45 8.38 9.22 8.64 Flag
7.37 5.66 8.1 8.09 5.9 7.25 8.04 Guoqi
6.01 8.85 7.97 7.89 7.13 9.98 6.54 Zengfeng
6.88 9.59 7.76 8.55 6.18 6.04 5.31 Shushu
6.03 7.44 7.55 8.06 5.32 8.4 6.06 redraiment
5.74 7.23 5.16 6.71 6.62 7.21 7.24 Joe
6.32 8.22 7.28 8.92 5.01 8.58 5.59 Zepeng
8.21 9.17 5.37 8.55 5.09 6.98 6.09 Leon
8.89 6.51 8.32 7.95 6.25 7.11 5.95 Kewell
8.03 5.22 7.19 6.63 6.98 8.79 9.21 ChenLiang
7.2 6.35 8.22 5.03 8.69 8.2 7.52 Flag
8.11 7.03 7.73 7.66 8.17 7.39 6.01 Guoqi
5.81 7.62 7.61 5.22 9.87 6.85 7.26 Zengfeng
5.21 8.73 6.75 8.1 7.8 9.55 7.44 Shushu
7.47 6.05 5.08 5.33 9.2 7.23 9.23 redraiment
7.02 7.67 6.55 9.03 5.17 9.1 7.57 Joe
7.63 5.87 5.47 9.01 7.23 7.77 8.33 Zepeng
5.14 6.64 9.71 9.57 8.54 8.3 9.04 Leon
6.0 8.89 6.05 5.55 9.23 9.05 5.77 Kewell
5.4 7.96 6.81 6.57 5.35 9.86 5.11 ChenLiang
9.07 5.63 5.42 5.33 9.06 5.77 6.96 Flag
9.59 7.53 8.2 8.9 8.3 6.75 9.93 Guoqi
6.6 8.96 6.53 8.33 8.5 8.79 5.27 Zengfeng
8.17 6.26 8.03 7.22 6.29 9.39 9.06 Shushu
5.66 9.39 5.59 7.83 6.5 8.2 9.34 redraiment
9.49 6.38 7.86 5.23 7.87 8.55 9.44 Joe
9.31 9.55 7.09 8.92 5.57 5.0 6.18 Zepeng
6.37 9.66 9.39 8.98 6.8 5.33 8.96 Leon
5.31 7.24 6.37 9.32 7.32 5.06 9.88 Kewell
5.15 7.61 7.17 5.18 7.23 5.67 8.59 ChenLiang
9.16 7.09 9.2 7.16 7.32 8.13 9.59 Flag
9.26 5.88 9.45 5.76 8.4 9.26 9.01 Guoqi
7.14 8.52 8.87 8.9 6.19 5.38 6.5 Zengfeng
9.91 8.86 8.7 7.79 9.27 7.3 6.44 Shushu
5.4 6.54 9.44 7.76 8.65 7.68 5.59 redraiment
6.47 8.84 5.06 5.46 7.28 6.61 5.56 Joe
7.26 9.41 9.89 7.14 8.19 6.11 6.89 Zepeng
8.24 7.93 7.77 9.46 7.16 8.59 6.84 Leon
7.81 7.09 9.82 7.41 6.24 7.39 5.42 Kewell
6.53 9.33 7.77 5.41 8.82 7.66 8.26 ChenLiang
8.79 8.73 9.94 7.98 7.34 7.4 5.67 Flag
5.09 6.08 8.64 5.76 7.4 8.97 5.79 Guoqi
7.89 8.61 5.24 9.94 6.34 7.72 7.02 Zengfeng
7.99 6.92 9.75 6.53 5.13 8.36 9.28 Shushu
5.59 9.75 9.24 6.0 9.99 9.81 6.48 redraiment
7.93 9.01 8.02 6.57 5.24 5.12 5.65 Joe
8.15 8.39 9.51 7.13 9.38 6.76 7.55 Zepeng
6.47 8.9 9.09 8.12 5.71 8.1 8.56 Leon
8.78 6.02 7.4 9.07 7.2 5.47 9.1 Kewell
8.82 9.47 9.47 8.41 5.39 8.12 6.84 ChenLiang
9.67 8.59 7.71 5.37 8.24 9.92 9.76 Flag
9.05 9.67 7.36 7.53 5.54 6.26 8.67 Guoqi
5.91 9.36 6.92 9.18 5.84 8.41 5.22 Zengfeng
7.18 7.23 8.95 9.38 8.4 5.58 5.6 Shushu
7.75 7.75 6.65 8.72 5.59 7.94 5.76 redraiment
8.13 5.26 7.25 7.37 6.15 6.23 8.65 Joe
8.65 9.87 9.28 6.51 9.77 6.94 9.08 Zepeng
6.9 6.02 6.06 7.07 5.9 9.58 9.86 Leon
9.87 7.31 5.26 8.24 5.48 6.34 5.9 Kewell
9.12 7.51 6.52 8.19 8.48 7.33 7.0 ChenLiang
8.2 5.73 8.47 6.12 5.26 5.09 6.3 Flag
5.66 8.9 6.02 6.28 9.95 6.28 9.63 Guoqi
5.59 6.54 7.95 7.4 6.56 6.79 8.86 Zengfeng
8.13 5.95 9.48 7.38 6.77 8.51 9.85 Shushu
8.18 9.31 7.04 8.7 9.17 5.94 5.75 redraiment
9.32 7.26 7.08 8.02 8.02 5.72 5.3 Joe
7.56 8.96 6.92 9.26 6.39 9.65 9.23 Zepeng
5.78 6.36 5.47 9.8 5.39 8.15 7.72 Leon
7.78 7.54 8.7 6.89 7.2 7.72 9.76 Kewell
9.51 9.64 7.35 6.64 6.44 7.85 9.68 ChenLiang
8.3 7.38 7.45 8.47 5.71 8.82 5.07 Flag
8.44 5.6 9.27 7.56 5.99 7.54 5.57 Guoqi
6.87 9.49 8.67 6.16 8.88 6.5 9.75 Zengfeng
5.16 7.78 7.91 6.3 7.67 6.15 8.67 Shushu
8.58 9.58 8.29 6.11 8.98 7.91 6.55 redraiment
7.42 6.92 6.0 8.75 5.96 9.38 9.49 Joe
8.3 5.04 9.65 9.04 5.49 7.9 6.25 Zepeng
7.45 9.63 8.39 9.35 8.5 8.46 5.05 Leon
8.43 5.14 8.64 8.06 9.93 7.1 8.08 Kewell
7.18 6.38 6.56 7.77 6.23 7.72 8.17 ChenLiang
9.92 9.58 7.59 5.75 8.05 7.26 5.75 Flag
8.34 7.17 9.54 7.96 8.58 5.56 6.54 Guoqi
9.44 7.26 8.8 9.11 9.79 9.66 8.95 Zengfeng
8.15 7.52 8.16 9.28 6.74 8.69 9.36 Shushu
6.33 6.52 5.58 8.25 6.65 9.47 9.17 redraiment
8.68 5.49 7.61 8.92 6.69 6.26 8.58 Joe
7.88 6.23 5.26 8.81 7.04 6.05 8.62 Zepeng
7.05 9.42 6.77 8.22 8.67 8.98 9.45 Leon
7.92 9.53 6.98 6.47 5.13 7.56 9.12 Kewell
9.95 8.79 8.01 9.42 7.0 8.64 6.38 ChenLiang
5.16 9.9 5.7 8.56 5.27 9.72 8.03 Flag
5.88 6.06 6.88 5.62 8.61 9.83 5.43 Guoqi
6.59 9.59 7.44 8.11 9.97 9.02 9.97 Zengfeng
5.17 6.2 8.44 6.35 9.09 9.49 6.93 Shushu
9.31 7.45 5.11 7.29 8.37 7.73 9.62 redraiment
8.38 7.79 9.24 9.3 7.68 8.12 8.94 Joe
9.31 9.99 9.0 5.61 5.98 5.44 8.85 Zepeng
8.53 8.47 7.1 6.63 7.61 9.78 6.31 Leon
9.6 5.36 7.36 9.48 6.88 7.89 6.23 Kewell
6.49 6.81 6.18 5.28 5.23 8.78 7.68 ChenLiang
5.42 9.65 5.35 9.76 9.86 8.86 7.79 Flag
6.78 6.24 9.54 8.58 6.82 7.89 8.23 Guoqi
7.07 5.52 5.12 9.3 9.42 6.16 5.8 Zengfeng
9.32 5.33 9.46 9.83 8.83 5.21 6.77 Shushu
7.74 9.28 6.91 5.05 9.65 6.72 8.24 redraiment
7.44 7.95 5.33 6.6 5.58 9.55 9.82 Joe
5.24 8.34 7.34 8.91 6.49 7.38 8.44 Zepeng
8.19 9.39 9.23 7.16 5.15 7.08 8.84 Leon
6.61 5.92 5.42 7.77 7.63 9.9 8.1 Kewell
6.81 8.99 6.12 5.92 6.4 8.02 8.19 ChenLiang
5.2 5.67 7.86 8.01 9.02 7.55 6.73 Flag
5.48 8.97 8.5 6.04 6.26 5.01 5.79 Guoqi
6.93 5.69 9.36 7.91 5.86 7.0 6.33 Zengfeng
7.3 6.66 8.31 7.41 7.51 5.78 8.37 Shushu
7.26 8.26 6.45 6.8 8.8 6.88 9.77 redraiment
8.8 5.11 9.07 7.68 7.77 7.34 9.2 Joe
9.44 6.24 8.9 9.63 7.58 7.59 6.91 Zepeng
6.01 5.25 5.1 9.61 9.44 6.65 9.54 Leon
7.61 8.74 7.62 8.48 5.31 5.78 9.29 Kewell
9.43 9.88 6.93 7.25 7.07 6.53 8.24 ChenLiang
9.92 6.98 9.42 5.71 5.91 5.82 9.41 Flag
8.35 8.03 6.66 5.05 6.71 8.65 6.44 Guoqi
5.45 5.03 6.76 7.75 9.47 9.59 8.8 Zengfeng
8.17 5.64 7.01 6.13 9.37 8.02 5.54 Shushu
9.39 6.45 6.98 5.37 6.7 7.58 7.61 redraiment
7.22 9.48 8.59 5.65 8.92 9.5 8.77 Joe
9.76 7.75 6.51 6.83 7.36 5.5 5.56 Zepeng
7.43 6.8 8.08 9.5 5.19 7.81 7.01 Leon
6.52 7.56 9.01 7.97 8.29 7.96 7.84 Kewell
9.55 7.05 7.35 6.98 7.02 9.63 5.09 ChenLiang
8.97 6.45 8.99 6.25 5.73 9.14 5.37 Flag
6.48 9.01 7.78 7.49 7.46 5.58 9.75 Guoqi
8.0 9.32 8.37 9.64 9.62 5.51 6.98 Zengfeng
7.86 8.11 7.24 7.63 9.63 6.97 7.68 Shushu
6.81 5.56 5.98 8.2 6.81 9.5 5.33 redraiment
8.32 8.28 9.86 5.81 9.7 7.64 7.55 Joe
6.3 8.88 5.86 7.89 9.36 9.8 7.2 Zepeng
7.78 7.89 8.89 5.14 9.74 7.84 9.4 Leon
5.63 9.46 8.43 8.33 5.9 5.45 6.65 Kewell
7.71 9.75 9.15 7.73 6.69 5.62 6.0 ChenLiang
8.6 6.75 9.42 5.0 7.74 7.94 6.16 Flag
9.06 6.13 6.82 7.15 7.47 6.79 7.57 Guoqi
9.09 5.92 8.31 8.03 7.68 8.05 6.0 Zengfeng
7.58 7.29 7.27 6.54 5.21 5.54 6.64 Shushu
5.65 8.02 7.88 7.81 9.84 7.57 5.66 redraiment
9.86 8.74 7.63 9.26 8.7 7.34 5.63 Joe
7.52 8.98 5.53 5.29 5.7 9.21 5.76 Zepeng
6.92 5.77 9.0 6.39 9.49 6.93 8.69 Leon
5.93 9.41 9.35 6.55 7.99 7.74 9.97 Kewell
7.9 5.22 9.23 8.3 6.51 9.62 6.07 ChenLiang
7.83 8.33 7.9 6.97 9.84 7.09 7.82 Flag
7.86 9.14 5.17 8.42 9.84 5.49 7.93 Guoqi
7.82 7.91 6.11 8.67 7.91 6.19 8.85 Zengfeng
7.9 8.91 7.87 6.41 6.6 5.11 8.38 Shushu
9.15 9.2 8.22 7.91 8.82 7.31 9.96 redraiment
9.09 6.14 8.24 7.44 7.85 9.78 8.43 Joe
8.71 6.3 7.06 9.07 7.54 6.96 6.13 Zepeng
7.07 5.0 8.59 6.43 8.87 5.37 9.89 Leon
8.35 5.44 5.61 7.63 5.22 6.82 5.67 Kewell
7.46 8.69 8.64 9.09 7.42 6.06 8.52 ChenLiang
9.45 8.57 7.26 6.77 9.97 7.42 7.17 Flag
5.12 8.63 6.63 9.24 9.38 9.11 7.99 Guoqi
9.99 7.04 5.25 5.06 7.56 6.55 5.12 Zengfeng
5.49 7.12 7.78 5.93 5.05 6.13 9.51 Shushu
6.66 9.56 6.05 6.74 9.1 5.53 8.26 redraiment
7.71 9.0 9.88 6.59 7.44 6.79 5.13 Joe
5.62 5.12 6.77 8.37 8.38 5.59 8.53 Zepeng
5.02 5.38 5.85 9.35 6.86 7.62 7.08 Leon
6.0 5.69 5.2 9.01 7.84 9.68 5.62 Kewell
8.46 9.87 5.22 5.53 6.12 6.37 5.69 ChenLiang
7.3 9.21 7.19 8.39 6.22 8.14 8.43 Flag
8.65 6.69 5.96 8.98 5.95 6.26 9.55 Guoqi
8.79 8.5 7.16 7.36 6.16 5.94 7.63 Zengfeng
8.65 5.12 7.22 8.25 7.79 7.55 7.44 Shushu
6.55 7.88 7.73 8.38 6.46 8.86 8.76 redraiment
6.26 8.64 9.47 8.31 5.83 5.6 5.4 Joe
7.95 5.8 9.47 6.63 6.1 6.04 5.74 Zepeng
6.82 7.24 9.2 9.49 5.43 7.38 6.12 Leon
6.54 9.5 5.36 6.29 9.84 5.44 5.38 Kewell
9.58 8.04 9.3 6.6 5.56 9.44 6.63 ChenLiang
7.11 5.56 6.43 5.87 6.04 5.65 9.55 Flag
8.11 8.4 9.7 5.6 5.99 6.64 9.46 Guoqi
6.26 8.27 8.16 6.54 8.04 7.62 9.74 Zengfeng
9.3 5.75 8.57 9.49 6.25 6.07 8.91 Shushu
6.6 6.4 5.68 6.7 5.74 6.01 6.72 redraiment
6.91 8.52 7.8 6.05 5.01 9.09 9.56 Joe
9.67 7.22 6.85 5.32 5.51 8.13 5.77 Zepeng
6.17 6.62 5.4 8.38 8.72 6.67 8.03 Leon
6.8 9.3 7.32 8.16 5.12 9.22 7.51 Kewell
8.1 5.96 9.74 6.96 9.38 9.41 8.73 ChenLiang
8.33 9.81 5.85 7.9 7.8 8.62 7.0 Flag
5.01 9.83 5.93 6.51 7.21 9.37 6.81 Guoqi
8.05 8.16 5.67 7.47 5.92 6.32 6.17 Zengfeng
9.89 5.04 6.48 8.03 5.8 6.35 6.26 Shushu
9.95 8.88 9.7 9.95 9.68 6.09 8.88 redraiment
6.55 6.87 7.05 6.24 5.23 9.71 9.61 Joe
8.3 8.15 6.76 5.72 8.58 5.07 6.2 Zepeng
7.61 9.01 8.29 5.55 8.72 7.1 5.5 Leon
9.78 9.12 5.59 5.22 5.88 8.83 9.23 Kewell
5.05 6.45 5.31 6.93 9.2 6.06 7.08 ChenLiang
7.61 7.2 9.58 9.11 7.65 9.78 6.96 Flag
9.8 7.56 9.26 5.37 7.2 9.92 8.77 Guoqi
7.14 7.57 5.17 7.28 7.39 5.5 9.13 Zengfeng
8.62 6.89 8.39 9.54 6.51 6.43 5.99 Shushu
7.27 8.84 5.85 6.11 5.1 6.53 8.14 redraiment
6.85 7.43 7.12 7.51 5.21 8.73 8.34 Joe
6.02 8.96 5.93 5.41 6.18 7.84 6.9 Zepeng
7.74 5.31 6.76 6.16 8.85 9.33 9.33 Leon
6.15 7.85 9.14 9.32 7.38 7.9 9.92 Kewell
9.98 5.72 9.12 8.49 7.21 9.28 9.61 ChenLiang
6.99 6.58 6.02 9.02 9.92 5.9 6.96 Flag
8.47 8.49 9.02 7.46 9.94 6.11 5.57 Guoqi
8.55 7.89 6.06 6.06 9.23 8.65 7.13 Zengfeng
5.67 8.74 9.48 9.37 9.84 7.76 9.08 Shushu
6.93 9.81 5.93 8.92 7.74 6.46 9.74 redraiment
7.86 9.77 7.11 7.76 7.88 5.9 9.38 Joe
5.5 6.62 8.32 5.18 8.29 6.75 5.23 Zepeng
6.09 7.46 8.56 6.8 9.73 7.98 5.82 Leon
6.41 5.07 6.29 5.3 9.08 7.74 8.02 Kewell
9.67 9.07 6.05 6.54 8.5 6.61 9.18 ChenLiang
9.4 8.75 8.91 9.86 8.72 5.36 5.6 Flag
8.73 5.26 7.36 7.11 7.11 7.97 8.78 Guoqi
7.88 5.19 7.21 7.79 8.94 7.15 5.07 Zengfeng
5.86 5.17 7.14 7.44 7.11 9.36 5.65 Shushu
9.5 7.73 8.23 8.48 5.84 6.21 6.69 redraiment
7.23 7.47 5.62 7.13 6.63 8.99 7.33 Joe
9.98 9.67 9.97 6.1 6.86 6.2 6.1 Zepeng
6.55 9.47 9.01 9.32 8.31 6.71 8.06 Leon
6.85 5.01 5.74 5.32 7.42 5.9 7.4 Kewell
8.77 5.88 6.52 9.8 5.38 6.53 6.17 ChenLiang
7.02 8.74 8.61 5.15 7.84 7.4 9.7 Flag
7.52 5.71 9.01 8.48 5.36 7.44 6.72 Guoqi
8.82 9.99 7.27 7.88 8.96 5.73 6.1 Zengfeng
7.46 8.67 9.02 6.45 6.53 7.39 5.86 Shushu
9.77 8.26 8.08 9.65 6.93 7.87 7.18 redraiment
8.77 8.99 9.04 6.72 6.84 9.12 9.47 Joe
7.18 5.37 5.9 5.26 7.33 9.91 8.0 Zepeng
5.55 5.35 7.14 8.66 5.8 7.63 8.46 Leon
7.95 9.5 6.02 5.76 5.21 6.65 8.16 Kewell
9.9 6.99 8.33 6.01 8.79 8.72 9.44 ChenLiang
7.72 5.42 6.63 5.29 6.74 7.25 8.57 Flag
8.23 9.83 9.45 7.12 5.92 9.25 5.85 Guoqi
9.18 6.1 9.54 8.86 7.67 5.51 9.78 Zengfeng
8.59 9.0 5.27 9.31 5.4 7.04 6.19 Shushu
