1 1 1 2
2 2 3 5
3 3 6 9
4 4 10 14
5 5 15 20
6 6 21 34
7 7 35 49
8 8 50 65
9 9 66 89
10 10 90 114
11 11 115 140
12 12 141 167
13 13 168 195
14 14 196 236
15 15 237 278
16 16 279 321
17 17 322 365
18 18 366 410
19 19 411 456
20 20 457 503
21 21 504 551
22 22 552 600
23 23 601 650
24 24 651 701
25 25 702 753
26 26 754 806
27 27 807 869
28 28 870 933
29 29 934 998
30 30 999 1064
31 31 1065 1131
32 32 1132 1199
33 33 1200 1268
34 34 1269 1338
35 35 1339 1409
36 36 1410 1487
37 37 1488 1566
38 38 1567 1646
39 39 1647 1727
40 40 1728 1809
41 41 1810 1892
42 42 1893 1981
43 43 1982 2071
44 44 2072 2162
45 45 2163 2254
46 46 2255 2347
47 47 2348 2441
48 48 2442 2536
49 49 2537 2632
50 50 2633 2729
51 51 2730 2827
52 52 2828 2926
53 53 2927 3026
54 54 3027 3127
55 55 3128 3243
56 56 3244 3367
57 57 3368 3496
