35 94
1 3
311019898 702835084
337753296 735168458
270050049 618835450
184539795 624069214
11062623 37658692
91674805 192398072
203109742 419692994
54779053 195617676
293640137 672714234
16342164 54519654
343658448 761779786
17883301 39443970
255050660 925735474
354049683 830322266
309310914 837905884
110641480 226623536
146240235 358276368
120620728 442520142
377182007 845672608
166213990 565979004
93917847 267013550
8651734 24658204
132354737 452957154
376480103 935592652
230361939 773666382
139923096 533630372
399566651 855194092
163330079 521652222
60897828 132415772
76110840 234558106
73989869 283493042
10620118 21926880
4837037 14419556
102676392 232589722
1571656 5950928
251510621 510543824
100494385 274429322
212249756 526290894
251724244 960067750
564576 1190186
139633179 370391846
227493287 878234864
255203248 798995972
67123414 143585206
6927491 15686036
104721070 232940674
110702515 354690552
360092164 919937134
133193970 480529786
79895020 191513062
100448609 235794068
119033814 432312012
174392701 587738038
273696900 971481324
82199097 204086304
402694703 966064454
136795044 297866822
17440796 51544190
4882813 17272950
96572876 205017090
136306763 475433350
19332886 49102784
197799683 469985962
236114502 931655884
361984253 954391480
173919678 536270142
110763550 272155762
70663453 255752564
101303101 309585572
86013794 269241334
283676148 797637940
260406495 598449708
185409546 684326172
227081299 857116700
172149659 409225464
344055176 977905274
97122193 242767334
253662110 603179932
101104737 352401734
201782227 779342652
54077149 117416382
86090088 231704712
326416016 954269410
163269043 343399048
410217286 943374634
108169556 387405396
19668580 65902710
223175049 590911866
130249024 389694214
271636963 675765992
49514771 176361084
117523194 349533082
104125977 397537232
231994629 910385132
40756226 99029542
395416260 883850098
98129273 384704590
67047120 189895630
307708741 859054566
98205567 221221924
8445410 336557711
120925608 256358055
5846415 198772623
69947561 282946368
4927720 34433987
43192722 122890391
68731988 24808872
8211982 18778601
100406761 615900078
384850408 4665519
15789834 102712707
2875765 2816810
18422615 22111175
194494922 3001561
13047380 3321706
91216772 23417174
347229489 46740943
174875846 4181154
5072852 58593028
300946594 18681731
174415786 35795002
259587355 117182201
13771111 423209
100171513 357990340
61490617 11511685
2281823 2055692
7384372 232189631
157869086 3480819
16846243 13316095
86434069 108058189
65344014 24964736
189215941 25947520
6250760 137452785
31101143 178935832
314740851 36902554
36162044 46724231
25770304 139287779
22837523 464337910
210634989 4736798
41898470 81470166
98733190 97249674
109361360 273929140
320598558 107466676
176775251 26443155
80801351 350015330
215163373 95491273
3631111 80332682
78658752 185491816
17438110 476611199
300723918 94938202
261394085 58410806
1241483 4667135
54069020 89527316
187864228 15756821
29685523 42551443
67666442 49947853
11349748 2850128
91357629 35599161
129057762 79507993
104802846 59348901
224449505 68193182
39006682 349184529
10000234 36402180
127213668 701056091
21407890 9171818
170847451 66290939
336667756 4666093
38072608 11388189
98425343 40274761
210893545 161929232
65460210 43722808
30094152 251815380
44854959 266174383
14835222 19829582
109461394 29364880
28539075 100750505
122795619 14118672
119685752 77227453
171097489 101299722
3748733 9368361
45471296 59834329
59820999 164545775
158918339 78265732
28375260 5329933
81783478 60446436
58643514 445406
570939959 256466952
4172309 28996618
281225693 85430143
63173834 181883241
13556004 66532281
171264953 472633
62976210 117555777
16526673 121784308
768182740 173855610
15432877 362687035
8027999 23073
69590501 7520897
37085410 97210001
2068790 37669675
0 0
